-0.0
-5.728
3.322
-4.755
8.05
-3.0
5.858
-3.585
-6.629
-0.0
-2.807
-5.907
-5.807
4.807
-4.7
-2.585
5.285
-6.322
2.585
3.17
-4.322
-1.585
-3.585
-6.285
-5.209
4.392
3.0
-1.0
-2.807
6.658
5.426
5.17
-1.585
5.672
-6.066
3.907
7.219
-3.907
-2.0
6.375
6.066
-4.322
-5.672
-6.555
2.585
-3.322
-3.459
0.0
-2.585
-3.585
-1.0
-6.658
-7.129
-3.17
6.714
-4.807
-5.807
-4.644
3.0
3.907
1.585
5.0
3.807
6.858
-3.0
-7.098
1.585
4.755
-6.066
-3.0
6.129
5.977
-5.585
-0.0
1.0
-6.672
-2.807
4.7
-2.322
-0.0
3.7
-2.0
0.0
-1.585
2.322
-2.585
-3.7
2.0
-6.087
-6.248
2.0
-3.459
4.585
-1.585
7.665
-4.954
-6.044
2.807
-3.17
-5.644
5.833
3.0
-0.0
3.585
-6.17
-4.807
-3.459
-1.0
-2.807
-3.585
-1.0
3.807
1.585
4.322
-2.585
-4.087
-5.459
2.0
-5.492
-4.755
-3.459
-5.833
-4.858
0.0
0.0
3.585
0.0
-4.248
3.322
5.615
-3.322
6.066
-1.585
2.807
-5.524
-1.0
-3.807
-6.022
-4.524
5.644
5.883
0.0
6.6
-4.392
7.409
3.17
3.17
-5.977
2.322
-3.17
-4.524
-4.459
1.0
-3.907
-2.585
-5.883
-1.0
1.585
4.954
5.426
-3.17
6.15
3.17
-3.585
5.524
-3.7
5.459
-5.931
1.0
-4.954
0.0
1.0
0.0
-2.585
3.907
-3.7
1.585
-1.0
-3.17
3.459
-2.322
4.524
-4.248
-4.755
-2.585
-5.087
2.322
6.248
0.0
-4.087
-5.492
-6.34
-2.0
0.0
-2.585
-1.585
-1.0
4.17
3.907
-5.524
-2.322
-2.585
-7.267
-4.459
-1.585
-4.248
-1.0
5.358
-4.585
-6.129
-6.895
-3.322
-6.19
6.476
-6.248
6.833
4.524
5.17
-5.285
-3.322
-5.977
6.585
-4.322
-4.644
3.459
-7.0
-6.0
-6.248
4.322
0.0
-2.322
-6.209
-4.0
-3.17
-5.285
1.585
-6.34
-5.392
-3.0
-6.555
3.0
6.022
6.267
-0.0
-6.392
-1.0
-4.644
-4.248
1.0
4.392
4.858
3.17
-6.57
2.807
1.585
-3.17
4.585
3.7
1.0
-5.833
-6.109
-6.644
-0.0
4.392
-2.585
1.585
3.585
2.585
1.585
0.0
-2.807
4.585
-4.907
2.807
-3.7
1.585
-5.954
5.954
-4.585
0.0
3.907
0.0
-3.585
6.728
0.0
4.248
-6.392
-5.585
6.977
-5.209
-3.7
-3.322
-2.0
5.285
-0.0
-6.375
-6.322
-1.585
-3.0
4.954
-4.17
-6.267
8.033
6.0
4.248
-2.322
-6.492
4.907
1.585
7.839
-6.087
-3.459
-1.585
0.0
0.0
4.087
0.0
-0.0
0.0
5.17
-5.358
-3.0
3.17
-4.858
-4.907
3.0
-1.585
4.755
1.0
2.0
6.229
7.539
7.313
-4.459
3.807
-2.807
-5.17
7.022
2.322
-3.0
2.807
-3.807
-2.322
5.728
0.0
-4.322
-3.0
3.322
3.7
-2.322
-3.807
3.907
-3.459
-2.322
5.285
-3.907
3.907
6.492
6.658
-1.0
3.907
1.585
5.555
5.426
-0.0
-0.0
4.585
1.585
-3.459
3.322
-5.883
6.285
-4.248
-5.0
-1.585
-5.285
3.0
1.585
-6.658
-3.907
-2.0
-2.0
4.248
0.0
-5.524
-4.248
6.833
6.7
-1.0
-3.459
0.0
1.0
-4.954
-4.248
-6.285
-1.0
-0.0
-1.0
-3.807
2.0
-6.409
-3.17
0.0
2.0
4.087
-3.807
3.17
6.492
3.807
-4.907
-5.555
0.0
-3.322
5.755
-3.459
-5.833
-2.0
-4.248
0.0
-5.492
-4.954
-1.0
-0.0
5.0
-3.0
2.0
-7.219
-4.392
4.524
-3.459
-3.0
-5.728
6.728
4.7
-3.322
-4.459
5.858
1.585
1.0
-5.7
-3.585
2.0
1.0
-0.0
-5.392
-6.322
-6.109
5.285
5.248
-6.476
1.0
-5.285
-2.0
0.0
-1.0
2.807
4.0
-3.585
-2.807
-5.524
-3.907
-6.82
1.0
-5.977
0.0
-2.0
-6.907
-2.0
5.7
-0.0
4.087
3.7
7.349
4.248
7.484
1.0
-7.044
-7.426
2.807
-6.82
-1.585
4.459
-1.0
4.248
0.0
2.0
-4.858
-1.585
-1.0
6.585
-4.0
-6.129
-6.585
-4.17
-2.322
3.459
-3.459
4.858
1.0
3.459
-6.109
-3.459
6.392
1.0
6.658
-0.0
-5.426
-4.644
3.17
3.459
-3.0
6.409
4.17
0.0
5.555
-2.0
1.585
-2.322
4.459
-7.331
-4.248
-5.0
-0.0
-4.087
4.392
-6.6
-5.728
-4.459
-4.459
0.0
-6.57
3.322
-3.459
-2.807
-1.0
-3.907
-5.322
-3.585
7.044
1.0
2.322
-2.585
-3.322
-1.585
-2.807
4.644
5.7
-1.0
-6.17
2.0
-2.0
-4.248
-1.0
0.0
-4.755
-5.285
-4.858
4.954
-2.0
2.0
-6.459
4.17
4.585
1.0
-2.0
2.0
-5.524
-3.907
7.2
6.476
-4.248
-4.954
3.17
-6.443
-5.285
-4.755
-5.781
-3.459
-3.322
-3.459
4.459
-6.087
3.459
-1.0
6.248
-4.644
-5.833
-3.7
-4.755
-4.248
-5.358
-4.524
1.0
-3.17
-3.0
-4.7
7.375
2.807
7.728
-5.644
3.907
-2.0
2.585
-6.476
3.17
4.644
-3.807
-4.807
-1.585
-5.807
4.17
-3.459
-5.833
-2.322
-4.585
-3.322
-2.585
-4.524
4.807
-6.022
0.0
6.459
-1.585
-0.0
4.524
-5.833
6.82
6.615
-6.087
-1.585
-1.0
-0.0
-3.807
3.17
-3.807
5.807
3.0
3.0
1.0
3.0
3.0
-4.524
5.392
-3.459
2.322
3.585
6.629
-2.807
-5.807
-4.248
-3.585
-5.392
-6.392
3.322
-6.672
5.358
6.209
3.7
-2.585
-2.322
6.459
-3.322
5.248
6.409
3.459
-4.0
-5.672
-2.585
5.129
-3.17
-0.0
6.022
-4.907
5.781
-1.0
-2.585
-6.794
-7.229
0.0
-0.0
-5.209
1.0
-1.0
-1.0
3.17
1.0
-4.7
-3.585
2.807
4.087
5.459
4.459
4.0
-2.322
-6.267
5.555
-6.919
3.0
3.807
-5.087
-5.392
-5.0
6.15
4.17
-6.129
-5.044
-3.907
-3.907
0.0
-3.459
-3.907
-4.0
-2.0
-1.0
-2.585
-6.022
7.6
-5.781
-6.426
-2.0
7.6
0.0
5.492
2.0
-5.644
-2.807
1.585
-5.907
-6.34
-1.585
-1.0
3.585
6.229
-3.17
-4.087
0.0
1.0
6.19
6.539
-3.17
-2.585
2.322
7.931
0.0
-6.087
-7.066
-1.0
0.0
5.17
-3.0
-2.585
-3.322
-3.585
-7.322
4.248
-2.585
-3.459
-6.508
0.0
1.0
-2.807
-6.392
-0.0
4.17
-2.0
6.15
4.0
4.087
6.977
3.322
0.0
3.585
-3.907
-1.0
-5.883
-5.585
-3.17
3.807
0.0
-3.0
-1.585
-7.129
-2.322
5.0
2.807
-0.0
5.459
-0.0
-4.087
2.807
-1.585
-2.585
-1.585
-2.807
-2.807
-1.0
-1.585
3.459
-1.585
-5.585
-3.0
4.0
-2.322
-4.644
-4.248
4.585
-2.807
-4.248
-3.17
-6.392
-4.0
-5.044
-1.0
6.129
-2.0
-6.19
-4.644
-5.585
-5.7
5.044
4.17
-3.17
4.17
6.82
-3.907
-2.322
4.7
-6.687
0.0
-1.0
-4.644
-3.807
-3.807
-2.585
3.322
-1.585
-2.0
2.0
5.492
-6.741
-4.954
5.615
-4.7
4.248
7.577
6.895
1.585
-3.17
-4.0
-5.907
0.0
-4.0
-5.672
-0.0
-2.807
-0.0
0.0
-5.17
2.585
-5.644
3.0
3.322
-6.585
-6.728
2.0
1.0
3.807
-7.055
2.0
-3.7
-3.807
-3.0
-2.585
2.585
-4.459
-3.0
-2.0
-2.322
8.34
-5.044
3.17
-1.0
-5.555
0.0
4.0
-3.459
3.0
-3.322
5.858
4.322
2.585
-3.459
-3.0
3.907
-5.807
6.714
3.17
6.87
-3.907
3.322
4.392
7.443
-1.585
-0.0
1.0
-6.741
3.807
0.0
3.459
1.585
-6.19
-6.15
6.322
-5.833
-7.34
-6.57
2.807
-6.129
-2.322
2.322
0.0
-3.7
4.322
-0.0
-0.0
6.248
-2.807
-6.728
-4.0
6.555
-5.285
-1.585
3.585
3.807
3.0
-2.0
0.0
-5.087
-0.0
1.585
3.459
0.0
-5.358
5.7
-5.358
0.0
-3.17
3.585
4.755
3.807
3.0
7.644
-5.615
-3.585
-3.17
2.0
1.0
6.508
-3.322
4.0
-5.644
-6.895
-2.0
6.931
-2.0
-4.087
-6.687
0.0
0.0
-7.714
-4.248
-3.585
6.781
7.276
4.322
-4.585
-6.426
-6.728
-3.17
-2.322
-3.7
-2.0
-2.807
-4.807
-1.0
-5.17
-2.322
5.644
0.0
-4.524
-5.585
-5.459
4.392
3.0
-5.044
5.954
-5.0
2.585
6.304
2.322
7.077
-2.0
6.539
-1.0
-3.907
-2.585
-6.375
3.907
-2.322
2.0
1.0
-3.7
-5.087
3.17
6.895
4.087
-5.459
-2.322
4.322
5.907
-6.658
-6.087
4.524
7.539
4.7
-5.087
3.322
-3.459
3.322
3.907
2.807
2.322
4.858
2.585
-6.443
-3.0
-2.322
1.0
-5.285
-4.644
-0.0
5.087
7.658
-5.644
4.755
-3.17
-4.0
-5.781
-3.322
0.0
4.644
6.0
-0.0
-1.585
-6.15
-2.0
6.17
1.585
-5.129
-4.585
2.807
6.82
-6.358
0.0
-3.322
-3.907
-5.129
-4.7
6.087
-6.322
-4.0
-6.267
1.585
-3.7
2.0
-3.17
-1.585
-2.0
5.209
-7.34
1.585
2.585
6.229
3.585
-2.0
7.6
-1.0
4.954
-2.0
5.883
0.0
-5.248
-1.0
-4.392
5.248
-3.459
1.0
6.066
-1.585
0.0
5.0
-2.585
6.17
-3.0
-2.807
-3.459
0.0
-4.248
-2.322
4.7
-4.755
2.0
1.0
0.0
2.322
-3.7
-0.0
-3.459
-2.807
2.322
7.907
-4.392
6.555
1.0
-6.109
3.907
5.615
2.0
-2.585
-6.989
-6.459
-5.728
6.615
-2.585
-4.954
-0.0
5.931
-5.426
-1.0
-4.459
-6.555
-6.6
-3.907
-3.807
5.585
1.585
-2.807
2.585
3.585
3.7
-7.349
-5.858
7.6
-5.755
-2.0
4.858
-1.585
3.0
-1.585
5.358
2.0
2.322
-0.0
5.977
3.0
-2.807
7.285
-1.0
5.615
-5.524
6.555
-6.0
-5.209
-3.322
-2.0
-2.807
-4.459
5.728
4.322
0.0
-5.7
7.19
4.087
-4.322
-2.322
6.741
-3.0
3.907
-3.807
2.585
-3.807
-3.0
-7.358
-4.858
-2.585
-3.0
-1.585
1.585
3.459
4.907
6.267
-3.322
-4.585
-6.943
-3.585
-2.585
-6.267
3.7
6.807
-1.585
-5.728
4.459
-2.807
5.858
-6.658
-2.585
-3.0
2.0
2.807
-7.248
0.0
1.0
7.16
2.322
2.322
-5.644
-5.644
5.524
-5.807
4.755
-3.0
-1.585
2.585
-2.585
0.0
0.0
3.585
-3.0
6.066
-0.0
4.248
2.807
-3.0
-3.7
-2.322
0.0
2.0
1.0
-3.0
-0.0
-3.322
0.0
-0.0
-6.492
1.0
6.57
5.672
-6.358
1.585
2.322
-4.248
4.248
-3.17
-3.7
7.257
-3.459
4.7
4.322
2.585
-2.585
3.17
-4.7
-2.0
3.17
2.807
-6.687
0.0
7.707
5.0
-3.17
-2.807
-2.322
5.358
-4.322
1.585
-4.858
6.34
-6.409
-2.0
1.585
-6.044
-6.15
3.807
4.392
-3.0
5.129
-3.7
-3.0
5.858
4.087
1.0
1.585
-5.672
2.322
0.0
-5.781
-6.539
6.768
6.629
-3.807
-3.459
1.0
-3.807
5.755
-1.585
-6.209
-1.585
-2.0
-1.585
6.931
4.392
6.539
4.248
6.443
1.0
-2.0
2.0
-0.0
-4.7
1.585
-5.907
-1.585
0.0
4.087
-3.459
-5.392
-5.358
5.807
-4.524
-6.858
6.585
5.807
2.322
-4.248
2.807
-5.672
-1.585
5.492
3.585
-3.0
-2.585
4.087
-4.954
2.585
5.322
-4.807
0.0
-6.714
6.858
-3.0
3.7
6.781
1.0
5.672
3.459
-6.644
-3.459
-6.585
3.0
2.0
5.17
-5.977
8.52
-6.022
5.755
5.392
5.555
-2.322
1.585
4.0
-3.907
0.0
-4.392
-3.459
-4.0
6.19
-5.322
-0.0
-5.0
-4.644
1.0
6.229
6.658
3.17
-3.807
1.0
3.459
-5.907
-1.0
-3.0
6.34
6.129
3.459
3.322
-6.129
4.0
2.322
-2.0
3.17
-6.768
3.17
-4.087
-1.585
-6.322
-1.585
-6.34
-2.0
4.524
6.409
6.17
-1.585
-6.644
-0.0
7.672
-6.409
3.0
-5.044
3.807
-1.0
-4.858
-6.087
3.0
-5.17
-6.248
5.392
-3.0
3.0
-0.0
4.7
-2.322
-5.358
6.687
2.807
2.322
-2.585
7.755
-3.0
-1.0
7.748
6.19
5.833
-6.755
0.0
-4.087
3.17
-4.459
5.392
6.0
-5.585
-4.322
3.0
-4.585
-6.728
-3.807
-3.459
-1.0
0.0
3.0
-4.755
6.794
-2.807
-6.304
2.585
8.114
-1.0
-5.17
6.658
3.17
4.907
5.426
0.0
-5.129
6.858
-3.585
-5.555
5.931
0.0
7.401
2.0
-6.229
3.0
0.0
6.358
-4.0
-2.322
-5.954
-4.087
0.0
6.109
-4.322
7.349
2.322
-3.322
-3.17
-6.895
-0.0
1.0
-6.0
-2.807
-3.17
-2.0
-5.833
-5.585
1.0
-2.322
-7.508
4.0
3.17
-7.055
-3.322
7.066
0.0
-0.0
6.229
-2.322
-4.459
-4.322
4.954
0.0
-2.0
-1.585
-7.57
-6.629
-4.17
-3.459
-3.17
7.468
-2.322
-5.644
-2.807
3.907
-0.0
-3.7
4.392
-0.0
-0.0
-4.459
3.459
-4.0
-4.907
-2.807
-5.807
3.17
2.585
-6.508
-6.229
-3.807
7.044
3.459
-2.0
6.687
3.17
-3.585
-4.322
2.322
3.807
-3.0
8.006
2.807
4.954
-4.7
-2.322
-4.907
-2.0
4.248
2.807
-2.0
3.322
5.7
-5.615
-4.17
5.781
-4.644
5.285
-2.807
-1.585
5.17
3.0
-2.585
1.585
-1.585
-7.484
3.17
7.129
0.0
-4.17
-0.0
-3.459
-6.304
-6.672
4.459
7.6
-5.392
-5.555
-5.858
3.459
6.19
-1.0
-4.322
-6.794
-4.954
-6.267
6.358
5.858
-5.615
-1.0
6.82
7.728
-5.492
-2.807
3.17
-2.585
-4.322
-5.524
2.0
-4.392
-1.585
-3.907
-2.0
-4.087
-2.322
5.209
-5.672
-6.322
-1.585
4.755
-5.426
-4.0
1.585
3.807
-4.755
-2.0
2.322
1.585
-3.17
-2.322
-5.087
3.7
-2.807
3.0
-5.426
-5.044
-4.858
-4.644
1.0
2.585
-0.0
-2.322
0.0
-2.585
-4.807
0.0
2.322
-0.0
0.0
-4.087
4.0
-4.7
-4.392
-3.17
-3.459
-4.524
3.807
2.0
5.459
-3.322
7.931
6.322
5.0
0.0
1.0
7.651
2.585
2.807
0.0
-4.17
5.285
-2.322
-1.585
-2.322
4.392
-1.0
-3.0
-1.585
3.7
2.322
6.555
4.807
3.0
2.0
-4.17
2.807
3.585
4.585
1.0
-2.585
-0.0
-6.17
-4.322
-4.0
3.17
-4.087
-2.807
6.492
4.907
-4.807
-3.17
6.322
-2.807
-6.392
-4.322
6.304
7.524
-6.229
3.322
-4.322
2.585
-5.459
0.0
-0.0
-0.0
-2.0
-1.585
7.16
7.14
-7.044
3.807
5.392
-6.6
7.459
-1.0
2.322
-0.0
-0.0
5.392
5.954
-5.129
-4.087
-4.524
2.807
-2.322
-4.858
3.0
-2.0
-1.585
-2.322
2.807
4.954
-3.0
7.492
-6.322
-4.954
7.644
5.459
5.7
6.672
-6.443
-5.585
-2.807
0.0
5.672
-3.17
3.459
-0.0
0.0
-6.508
4.087
4.087
-4.17
-1.585
4.524
6.209
0.0
-5.755
-5.781
-5.17
2.807
-4.392
-3.585
-0.0
8.2
3.585
-2.322
2.322
-5.755
7.539
7.476
-2.807
-6.6
-6.644
-0.0
5.728
0.0
4.17
-2.322
-2.0
7.15
8.34
-5.087
0.0
-4.322
4.858
1.0
-5.931
-2.807
0.0
-4.0
-1.0
-1.0
-6.087
-5.644
-3.322
3.459
7.852
-3.7
2.0
-5.931
1.0
5.931
0.0
-3.7
-1.585
3.459
-7.119
6.741
-4.087
4.858
0.0
5.087
-4.0
-4.7
-3.322
5.392
-6.644
-3.585
-2.0
6.066
-4.0
-4.807
-4.392
-6.6
-6.907
-5.044
-2.807
-2.0
-2.585
-3.0
-3.907
-5.358
-4.0
-5.524
-3.585
-1.585
-2.0
4.0
-2.322
4.392
-1.585
-2.585
-2.0
-5.358
-5.615
-6.989
-2.322
2.585
-6.0
4.907
3.322
7.775
6.087
-5.954
-4.459
2.0
5.358
0.0
-5.248
-3.907
-4.755
8.439
2.322
7.375
4.459
-3.0
3.459
5.087
-2.0
-2.585
5.426
6.6
-2.585
-4.807
-4.954
4.858
-0.0
0.0
-2.322
4.17
-3.322
2.322
6.728
-5.426
3.7
-5.087
-5.044
-0.0
1.585
-5.322
-4.585
0.0
4.322
-2.585
-6.741
3.7
0.0
-3.7
2.0
-5.044
-6.644
-6.644
4.087
-0.0
3.807
-4.17
-4.459
-1.0
7.735
5.833
-6.248
5.555
-1.585
-5.524
2.585
3.0
2.0
2.0
-3.322
3.17
4.322
5.858
3.0
-5.392
-4.585
-2.322
-3.7
7.954
7.044
-6.714
-5.285
3.17
1.0
-3.0
2.585
0.0
-2.807
-6.044
4.248
-7.209
-5.248
-3.459
-5.833
-5.459
-4.807
0.0
-6.907
3.585
-3.459
0.0
-0.0
6.358
1.0
-7.426
-4.524
-4.524
5.087
4.392
-7.358
4.17
4.17
2.807
6.15
5.044
-3.459
1.0
-4.7
-3.907
2.585
5.322
0.0
5.524
2.0
0.0
4.755
-2.0
-2.0
-2.322
-4.0
5.285
-5.492
-1.0
-2.322
-0.0
-6.907
1.585
-4.0
-4.0
5.209
5.426
-6.57
-5.883
-5.833
-5.322
-3.907
-5.781
-4.087
5.907
-7.285
-3.17
-3.0
-5.585
-6.615
4.17
-0.0
-2.585
-3.322
6.943
2.322
1.585
-6.409
-4.392
7.2
-4.322
1.585
-7.0
5.322
3.17
-1.0
-1.0
6.585
3.585
-2.322
1.0
-4.248
0.0
-3.0
7.7
0.0
-5.209
4.524
-5.585
-2.322
5.524
5.7
3.322
-3.807
-1.0
-4.755
-3.7
-1.0
4.907
2.585
4.524
7.19
2.0
-5.781
0.0
3.459
5.492
3.17
6.755
2.322
5.044
5.426
3.0
3.7
0.0
-3.459
-2.585
2.0
2.0
-1.585
-6.066
3.585
5.044
2.585
-2.0
1.585
-1.585
2.807
-6.15
3.17
-6.066
-3.585
-3.7
-3.322
4.392
3.0
6.15
5.585
1.0
-1.0
-0.0
-4.585
-2.0
-2.585
2.0
2.322
-2.585
7.651
-2.322
6.109
-6.644
6.375
-6.768
-4.0
-3.585
-5.0
-5.0
-0.0
3.807
-2.807
3.17
-2.585
-1.0
-5.044
-4.858
-1.0
0.0
-6.066
3.907
3.17
3.0
3.322
-4.392
5.833
4.392
3.907
-2.322
3.7
2.807
3.907
-3.0
-6.687
-2.807
-4.17
-3.459
-0.0
5.459
-4.0
0.0
4.755
5.977
4.585
-6.6
-3.0
0.0
-4.755
-3.807
-3.0
0.0
3.907
2.0
-5.858
-3.585
-0.0
0.0
-4.322
7.516
3.7
-6.459
5.0
2.585
-5.555
-3.585
-2.807
-4.858
-3.17
-6.129
-0.0
-3.459
-3.585
-3.7
-5.555
-7.066
2.0
-4.248
5.585
4.755
-5.129
-2.322
-3.7
3.459
5.7
1.585
-6.476
-6.229
-4.459
-6.539
0.0
7.629
-0.0
-4.0
3.322
2.807
-2.0
7.295
-4.322
-5.426
4.248
6.087
-3.0
0.0
0.0
0.0
-1.0
3.459
-3.322
-6.392
-0.0
-0.0
4.087
-2.0
-2.0
-6.781
-1.0
-1.0
1.0
-5.807
-6.443
4.954
-5.615
-5.17
-3.907
4.644
2.322
-5.755
-4.248
-4.755
-6.109
-1.0
-5.833
-2.322
6.6
-1.585
5.858
-2.0
-5.17
4.644
-1.585
7.384
-6.728
7.295
-7.322
0.0
-3.7
4.459
-1.585
3.807
-4.858
4.644
0.0
-2.585
-0.0
-5.17
-3.585
-3.0
2.585
6.629
5.755
-2.322
-5.248
-7.285
1.585
-5.087
-5.728
-5.7
-1.585
-1.585
-0.0
5.426
-1.0
-4.459
4.907
-5.392
-3.7
-4.17
-4.459
3.0
2.0
-3.322
3.0
-6.476
2.807
-0.0
4.248
-5.672
-2.0
-0.0
4.858
1.585
-5.977
-2.807
-1.0
2.585
-4.524
-2.322
7.267
-5.087
1.0
-6.539
1.0
5.858
5.954
-2.807
-3.17
-3.17
-3.459
0.0
-3.807
1.585
-4.322
-1.0
0.0
-1.585
3.459
6.426
-2.807
-3.0
0.0
-6.34
-7.313
-3.0
-6.358
-5.129
5.524
-4.644
5.459
-5.129
-2.0
-3.0
-6.87
6.443
-1.0
3.585
3.17
-4.459
5.615
-5.087
0.0
5.7
-6.615
5.129
-3.907
-4.644
-6.19
-3.7
3.807
-2.807
-2.0
-2.0
4.087
-4.858
-4.17
-6.15
-5.358
5.17
1.0
7.858
-3.0
-1.0
2.322
1.585
4.248
-1.585
-4.858
0.0
-5.555
-6.375
5.524
2.322
7.539
-0.0
-3.459
7.5
-3.585
-3.7
-3.807
2.807
-1.0
-1.0
-3.17
-1.0
-5.585
3.459
-1.585
-3.0
2.807
-3.17
-4.907
1.0
-6.34
2.585
3.459
-1.585
7.629
6.229
-4.322
3.0
3.585
-4.585
3.17
6.658
-4.459
-3.807
0.0
8.006
4.644
-1.585
-4.807
2.585
-5.672
3.0
4.0
-4.322
-5.209
-1.0
3.0
-5.285
1.585
-4.248
-2.322
-3.807
-3.7
-3.0
-4.585
-3.585
3.907
-6.728
-0.0
-2.807
-3.322
-4.17
2.585
3.0
-2.585
-3.17
-5.129
-3.322
3.459
-2.807
-6.17
-5.755
-5.087
5.781
-4.954
5.755
-1.585
-3.322
-4.248
-2.807
-4.248
5.322
2.322
5.044
6.15
-2.0
7.577
-5.129
4.7
-6.109
6.794
4.585
-4.392
3.907
-4.248
-5.672
-5.0
-3.807
-0.0
-2.807
3.322
1.585
-4.907
5.459
1.585
4.644
-1.585
7.585
-4.17
-4.644
-4.17
-3.585
-6.57
4.907
-1.0
-2.0
-6.615
0.0
-3.17
4.644
0.0
5.672
-3.7
-4.392
-3.17
-6.585
5.459
5.954
2.807
-2.322
-0.0
5.954
-5.044
-5.954
-1.585
5.285
3.0
-4.807
6.022
2.0
6.954
-3.0
-4.248
-6.7
6.508
5.555
-4.954
-2.807
5.907
3.585
-1.585
-6.672
-4.807
-3.0
2.0
-1.585
4.087
-5.833
-4.087
3.17
1.585
6.109
-3.0
-6.741
-0.0
0.0
-6.19
-5.954
-3.0
3.0
-2.0
-0.0
-6.087
5.17
2.585
-6.57
2.0
-4.17
-1.585
-2.585
-2.585
-5.615
-6.644
-4.7
0.0
-3.0
1.585
-3.17
-5.044
-6.524
-2.322
0.0
5.492
-3.459
-3.459
-3.459
-5.781
-3.7
-3.0
-2.807
6.629
3.459
3.0
-5.426
6.807
3.0
4.087
-6.615
-5.322
-0.0
-0.0
-0.0
-4.459
-4.087
5.044
-3.0
-2.585
0.0
6.409
0.0
-5.883
3.7
-4.807
6.977
-3.0
-2.585
6.644
-4.248
4.0
3.459
0.0
3.459
-0.0
4.459
7.011
-1.0
3.459
-2.322
7.285
-3.0
6.209
-6.954
0.0
7.248
4.524
3.907
-1.0
-1.0
-3.0
5.524
4.087
6.728
3.17
6.229
-3.322
4.755
-1.0
-3.0
2.322
-5.807
-3.0
1.585
-2.585
-0.0
-0.0
6.392
0.0
-1.585
-4.807
5.248
-4.644
4.858
6.0
-4.248
3.585
-4.392
-6.907
-3.907
0.0
-3.807
-4.7
-4.858
3.322
6.658
1.0
3.17
-2.585
6.358
5.555
-6.807
-0.0
5.358
-2.0
-4.322
-1.0
-6.714
2.0
-4.392
5.644
1.0
-6.19
-5.672
-6.7
7.615
5.426
5.0
3.907
-5.883
-5.285
-5.248
-1.0
1.0
0.0
2.0
-2.322
-1.0
-4.459
-3.322
-3.322
-3.7
-6.508
-3.0
6.858
2.585
4.7
-6.7
4.858
6.714
-3.17
4.0
2.585
-0.0
3.322
-4.459
5.492
-1.585
7.358
-4.7
3.7
1.0
2.585
3.585
-6.044
6.755
3.322
-5.728
2.322
3.322
7.384
-1.585
-1.0
1.585
-6.17
-5.781
-4.858
6.459
1.585
5.781
2.807
-4.248
0.0
-5.129
-6.17
-2.807
-6.392
6.585
-3.459
2.322
-3.7
7.313
-2.322
-1.0
3.322
-3.322
4.459
-2.0
2.807
-6.34
2.585
0.0
-4.807
5.555
5.426
-4.644
-0.0
3.17
-3.585
-2.585
-5.426
6.248
5.459
0.0
3.17
2.322
-6.658
-3.322
-5.087
4.322
-0.0
-0.0
-6.524
7.728
-2.807
-6.585
-0.0
-5.7
5.833
3.322
4.858
-1.0
-2.0
3.907
-5.7
3.322
5.358
0.0
-2.585
-4.954
3.0
-1.585
-2.807
7.665
-6.919
0.0
-7.547
-3.17
-5.322
4.7
-4.7
-2.0
5.672
-2.807
-3.807
-3.17
-1.585
1.585
-2.322
-4.907
7.658
-2.807
-4.524
-5.672
-2.0
-2.0
-2.0
-2.585
-4.807
-3.7
-7.098
3.807
4.585
-2.322
5.907
-5.358
-3.585
5.524
-1.585
2.322
-7.295
-4.954
-3.459
-6.768
-1.0
-3.459
4.954
-5.0
4.322
-3.7
2.0
5.248
-4.0
-0.0
-2.322
-5.781
3.17
-0.0
-3.807
-7.476
-5.7
-5.358
-3.459
-2.0
4.322
3.0
4.392
-5.0
-0.0
0.0
-3.322
7.877
0.0
6.15
-3.7
5.358
-1.585
2.807
6.6
-1.0
6.109
-3.907
-3.807
0.0
-5.392
-5.209
4.459
4.392
-1.0
7.276
-1.585
-1.0
2.0
-0.0
2.585
0.0
-2.807
-5.248
-5.459
-7.257
-4.392
-3.17
-2.322
-5.285
6.919
-1.0
0.0
6.687
-6.209
-2.807
4.17
3.907
3.17
-2.0
1.0
1.585
2.0
-7.15
-3.907
0.0
-4.907
5.615
-5.615
-6.794
2.322
0.0
-3.322
-4.644
-6.833
6.129
-4.807
-2.0
-7.418
-0.0
2.322
-4.644
-3.322
3.17
0.0
-6.0
-7.658
1.585
-0.0
-4.954
3.585
-0.0
6.629
2.0
4.322
1.0
-3.459
5.781
4.17
0.0
6.508
-3.322
4.585
-3.17
-3.322
-4.807
-4.248
-4.524
-4.7
-4.907
0.0
-0.0
1.585
4.524
4.0
-4.322
-1.0
-2.0
-4.17
-3.17
4.0
-1.0
0.0
-2.0
-6.555
-7.331
-5.644
2.322
-4.322
3.459
4.524
0.0
3.459
4.7
1.585
-2.322
-3.459
-2.807
-6.555
3.807
4.322
-4.248
-2.322
-0.0
5.0
-3.807
3.807
1.0
-5.209
0.0
-6.15
5.0
-4.087
-2.0
2.0
2.0
2.0
-2.585
-3.322
-1.0
-3.459
5.7
-3.907
-4.524
5.524
1.0
-2.322
-6.375
1.585
6.459
2.585
1.0
-2.0
5.524
6.129
4.7
2.0
-4.858
3.17
2.0
6.109
-4.392
-4.585
2.322
7.693
-5.833
-3.17
5.781
6.322
4.585
-5.209
4.322
-1.585
-3.0
-2.0
4.322
-5.087
1.0
5.322
-4.858
6.129
6.426
4.459
-6.17
-5.644
4.392
-2.0
5.426
2.322
-4.524
-5.883
-3.459
6.919
-3.0
-6.0
6.615
5.358
7.304
-4.0
-5.585
-2.807
-0.0
1.585
7.313
-3.7
6.539
-1.585
-5.322
1.585
-3.807
-5.585
-1.0
1.0
-1.0
2.807
-3.585
-3.459
0.0
0.0
2.322
-2.322
-2.585
1.0
7.16
-5.644
-0.0
-4.807
2.0
6.066
-2.322
-2.585
-2.0
-1.0
-6.066
0.0
2.585
4.755
-5.555
6.615
-6.044
2.585
7.883
0.0
-5.459
-4.524
0.0
-6.658
7.0
-1.585
4.087
3.17
-3.7
4.644
2.322
6.919
-4.459
5.392
2.807
-6.755
-4.392
5.585
-4.248
-2.322
-5.781
-2.585
-5.807
-2.322
3.585
-5.883
7.644
4.0
-2.807
2.0
-6.022
4.087
-2.585
-5.17
0.0
1.585
4.0
-6.524
-4.17
3.0
3.7
0.0
-5.615
-3.0
2.585
7.524
-1.0
-6.476
-1.585
-7.033
1.0
0.0
7.615
5.248
4.907
3.459
-2.585
2.0
3.17
-3.807
0.0
-3.907
-7.721
3.907
-6.066
-3.0
-3.17
5.392
-4.322
-2.322
3.459
-2.322
3.907
3.459
0.0
3.807
4.907
-2.322
5.7
-0.0
5.248
-2.322
2.807
2.322
-3.7
0.0
-4.392
-0.0
0.0
-7.285
-4.392
1.0
3.585
-4.7
4.755
0.0
-6.82
2.585
6.17
-5.807
-2.322
7.077
3.459
2.0
-6.375
2.585
3.17
0.0
-1.0
-0.0
0.0
-4.459
7.555
-7.524
-4.807
-4.644
-3.459
-0.0
-4.0
7.384
0.0
-1.0
-5.492
5.17
5.459
5.672
2.585
-6.833
3.0
-0.0
-5.358
1.0
3.807
-2.585
-1.0
3.0
-5.931
6.267
3.322
-2.0
5.459
-3.907
-1.0
-2.0
-4.248
4.807
4.858
3.585
-1.0
4.0
-3.0
-2.322
4.807
-2.0
0.0
2.0
-6.229
6.895
-3.7
-5.728
-3.17
-4.248
4.524
3.907
-7.409
-1.585
3.7
2.0
3.17
6.966
6.066
1.585
4.248
-4.17
-1.0
0.0
1.585
6.768
6.687
-5.322
0.0
5.728
-4.585
2.585
-2.0
-3.459
-4.524
3.17
6.524
-6.476
-4.087
-3.7
-1.0
1.0
1.585
-5.755
2.322
2.0
-3.459
0.0
0.0
5.807
4.524
-3.907
5.358
4.392
3.7
-2.585
1.585
0.0
-2.0
-3.585
3.459
0.0
3.17
-2.807
4.087
-4.954
-2.0
-4.585
4.524
2.322
-3.459
0.0
-2.322
-5.087
7.257
2.322
3.807
-3.17
-2.322
-3.7
3.322
-7.276
-5.555
0.0
4.585
-4.644
3.459
3.807
7.322
7.845
-8.05
0.0
-2.807
-3.17
-6.82
4.17
6.714
-7.755
-5.555
-2.0
3.322
3.322
5.7
4.0
-4.0
3.17
4.17
-2.322
2.0
1.0
1.0
-4.585
-6.508
5.977
5.781
-6.109
-6.57
-5.833
-4.954
1.0
4.17
-2.807
-4.322
0.0
4.17
-5.755
3.0
-3.0
7.109
1.0
3.7
-5.907
-3.17
-0.0
-3.907
-6.267
6.209
-4.392
-2.585
-6.17
-1.585
0.0
-1.585
5.954
5.585
-4.392
7.209
-4.248
-5.17
-3.17
6.129
-1.585
-0.0
5.858
1.585
3.585
7.384
0.0
-5.672
3.322
-4.392
6.524
8.033
-6.19
3.17
-2.807
-2.0
0.0
-2.807
3.807
3.7
3.322
-2.322
3.907
-3.322
-2.0
-3.907
-1.585
-2.0
-0.0
0.0
-2.807
2.322
-1.585
-5.459
6.524
-2.322
-4.392
-5.087
-3.585
5.615
-5.7
7.547
5.285
-4.392
4.907
-2.0
3.585
2.0
6.585
-3.0
-5.807
1.585
-6.644
1.585
-0.0
6.989
4.248
-3.585
-3.459
2.807
-2.585
-1.0
-4.322
3.459
2.585
8.304
-5.285
-5.858
-4.17
2.322
-6.644
4.392
-6.066
-2.585
-1.585
-2.0
5.459
-2.0
-1.585
1.0
-4.17
-2.585
1.0
-0.0
0.0
2.322
4.7
6.57
-4.858
2.585
-0.0
4.322
-0.0
-6.19
6.209
2.0
2.0
-4.0
-3.907
5.087
0.0
-2.585
3.0
5.459
-2.322
2.322
4.392
-5.728
-3.459
4.392
5.883
1.585
0.0
3.17
-5.17
4.087
-1.0
-5.954
-1.0
-2.0
-1.0
-3.17
6.768
-3.585
-2.585
0.0
6.768
-4.392
-6.476
-3.0
-3.807
3.7
-5.285
3.7
7.322
0.0
3.459
0.0
-5.322
2.807
-6.7
3.585
-1.0
-2.322
-3.459
3.17
2.0
-2.0
-4.954
-5.209
0.0
-2.322
-3.459
-0.0
-4.524
-3.7
-3.7
7.827
-3.0
-7.022
-4.392
4.17
1.585
-0.0
-3.322
6.022
-1.585
7.219
-0.0
-7.238
6.044
-2.585
0.0
6.087
-0.0
-1.0
0.0
1.585
-1.0
4.524
0.0
-3.17
-4.392
4.0
-5.954
2.322
-6.34
6.728
-1.0
4.0
-2.322
-5.17
2.585
6.15
3.0
6.229
-4.459
0.0
-6.229
6.304
5.858
-3.17
-4.585
-3.459
-2.322
-3.0
1.0
-2.807
2.585
-5.0
0.0
-5.524
6.768
-0.0
0.0
-3.322
-2.322
7.524
-3.0
-6.304
-3.0
-2.807
2.585
1.0
4.248
8.331
2.585
2.322
6.492
7.109
-2.807
-1.0
-4.322
-3.322
2.0
-7.34
7.16
-2.0
0.0
-4.087
0.0
6.34
6.658
4.7
3.7
-6.248
-4.392
0.0
4.392
7.044
4.907
-4.322
0.0
-3.459
7.129
1.0
-6.285
-1.585
1.585
-2.322
-0.0
-2.322
-4.459
-2.0
-6.57
1.0
7.109
0.0
-3.322
-6.248
-3.807
-2.585
-1.0
-4.17
5.129
-4.459
-3.907
2.0
0.0
3.585
-4.248
-6.508
-0.0
5.585
3.17
-2.807
-3.459
-5.907
3.459
7.033
2.585
-3.17
-3.0
3.807
6.658
-2.0
3.17
-6.919
-4.585
6.714
6.615
-5.644
-3.459
-7.741
-5.833
-3.459
3.0
-1.585
6.6
-2.807
-0.0
-5.644
-2.585
3.585
5.17
0.0
-3.0
-3.0
-6.022
-4.248
4.322
-1.0
-3.459
-7.011
-4.644
-5.907
-4.524
0.0
-5.907
-3.17
0.0
2.0
-3.585
3.322
-1.0
1.585
-2.585
-3.807
3.807
1.585
5.672
-3.7
0.0
2.322
6.768
-3.322
-4.7
2.0
3.585
-3.907
8.022
4.807
-2.322
4.248
-1.0
-4.322
1.0
-7.0
6.34
5.426
-1.585
-2.585
-3.585
6.129
-1.0
2.0
1.0
-5.977
-2.0
3.7
2.585
0.0
7.644
-3.459
6.229
-4.087
-3.7
-6.129
-3.907
-5.883
-3.907
-3.7
3.17
-5.524
-1.0
-2.322
0.0
-2.0
-2.322
2.585
5.285
-4.0
7.476
3.585
-3.907
-3.459
-0.0
5.044
-4.524
-6.629
-3.0
-1.0
-4.954
0.0
8.52
-1.0
-5.781
3.322
-2.807
-5.285
-2.585
-6.883
1.585
-2.322
-7.044
6.044
5.129
-6.229
5.7
6.845
0.0
1.0
3.0
2.0
4.087
-6.19
-2.322
-3.459
-3.17
-1.0
-5.426
3.17
-5.728
-3.322
6.459
5.129
-4.17
-2.322
1.0
3.17
2.807
-1.0
-4.248
-4.524
-2.585
3.0
-4.459
0.0
-5.672
-4.459
6.19
-0.0
-5.907
5.044
7.285
-1.585
3.807
-3.17
6.248
-4.954
6.768
0.0
5.883
5.672
2.322
2.807
-1.585
-1.0
-0.0
5.0
-2.322
4.585
-0.0
5.426
5.672
-6.807
-5.807
-5.0
4.585
-7.358
0.0
-3.17
-1.585
-1.0
1.0
0.0
6.687
-4.524
4.322
-5.426
-2.0
-6.714
-1.585
-3.17
-1.585
2.0
6.687
5.209
-1.0
0.0
-5.087
5.672
5.858
-3.459
-1.585
6.658
6.57
2.0
3.7
-1.0
-5.459
-4.322
-6.524
-2.0
4.7
-7.375
-6.508
2.322
0.0
-4.585
-6.129
-6.833
5.524
-2.585
-4.087
-6.524
6.6
4.7
3.322
4.0
-4.459
-6.375
-4.0
-5.858
-2.322
-5.248
-3.585
-6.109
-3.7
-3.322
-6.0
-2.322
3.907
-4.954
2.322
-4.322
3.807
4.392
0.0
-3.807
-4.17
-3.322
-0.0
-1.0
1.585
0.0
1.0
6.658
-5.0
-5.209
-1.585
-3.585
-2.0
2.0
5.492
-4.0
1.585
-4.807
-4.907
-6.087
6.714
8.326
-4.954
-0.0
-4.907
5.585
-1.0
-6.129
-6.807
2.0
-5.285
3.0
4.524
3.459
-6.476
-5.129
-5.209
-1.585
0.0
-3.17
-4.807
-3.0
-2.807
3.0
1.0
-3.7
-5.087
-3.17
-7.209
6.954
2.807
4.248
-6.714
5.585
3.585
-2.322
-4.17
-4.087
-3.7
-1.585
-3.322
-5.087
2.0
-6.044
-4.322
7.5
3.322
4.7
3.17
3.17
0.0
4.459
1.0
7.877
-5.322
-5.833
-2.585
0.0
-2.0
7.562
-2.322
-1.0
2.322
6.658
-6.229
-2.322
5.524
-2.322
3.585
4.392
2.585
-4.954
-4.644
4.248
-4.585
5.555
-4.322
-0.0
-4.907
4.087
3.807
2.807
2.585
-2.585
-5.285
3.907
4.17
-2.322
1.0
-2.0
6.0
4.524
-5.044
-2.322
-0.0
2.807
3.17
-2.0
-1.585
-4.524
8.017
2.322
1.0
1.585
2.322
0.0
-1.585
6.17
-3.907
-3.585
-3.907
-1.585
4.087
-3.0
2.322
-4.644
-1.0
-2.322
2.585
-3.807
7.531
-6.895
-5.492
3.459
-0.0
0.0
-4.644
4.755
-6.229
0.0
5.728
-5.0
-2.585
3.0
-2.585
1.585
5.17
-2.0
5.858
1.0
-3.322
-3.807
3.0
6.022
3.322
-6.524
-4.807
6.615
0.0
5.129
5.555
2.0
-2.585
-2.0
-6.615
-5.459
-4.585
-4.17
6.17
-5.807
-2.585
-2.322
3.807
-2.322
-3.459
-3.907
-4.858
-1.0
-2.0
6.022
-1.0
-0.0
-5.209
6.883
4.807
-6.358
1.585
6.409
5.977
-2.322
-5.907
6.022
2.0
2.807
6.267
0.0
3.459
-2.807
-5.524
-4.459
-1.0
-6.358
-3.459
2.0
-3.0
-4.17
-4.0
-4.087
3.17
0.0
4.858
0.0
4.807
5.907
0.0
-3.17
2.585
0.0
2.0
-5.285
2.0
6.044
7.665
-3.459
-2.585
5.728
4.0
2.807
6.629
0.0
5.755
5.285
1.0
5.615
2.585
-3.0
-2.807
-3.585
-3.807
7.033
5.833
-6.229
-4.644
1.585
4.755
-3.459
-2.807
-5.322
-0.0
-5.0
-5.781
-3.0
-3.7
-4.392
-2.585
-4.459
4.0
-1.585
0.0
-1.0
-4.392
-6.966
-6.672
2.0
-5.248
4.755
-5.285
1.0
2.585
2.585
-5.248
-3.322
5.524
2.807
-4.087
5.426
-2.322
6.15
-3.807
-2.0
-3.459
8.119
-1.0
-3.17
-4.459
-3.459
-5.7
5.044
7.285
6.375
6.943
4.392
7.129
-1.0
-1.0
-1.0
2.585
-2.585
5.209
-2.585
-4.087
4.087
0.0
-6.392
-2.807
-2.0
1.0
-0.0
-6.15
3.459
3.7
5.285
-0.0
-2.322
4.858
5.0
-4.644
-2.585
3.17
-3.585
2.807
-5.248
-1.0
-4.459
-5.044
3.585
-1.0
-6.19
-1.0
-2.807
-2.585
-6.57
-3.907
7.768
5.459
-7.0
-1.585
3.459
-6.524
-0.0
-3.459
4.755
2.322
-2.0
5.7
-3.322
-6.19
-5.392
-2.807
-2.585
-4.0
-1.0
-2.322
-1.585
4.0
-4.087
6.87
0.0
0.0
-2.807
-6.087
-6.858
-3.7
3.459
-4.087
-7.418
-2.0
-3.17
0.0
7.276
-6.87
8.317
4.087
4.17
-4.907
-4.807
-0.0
5.524
-1.585
-5.285
6.508
1.0
-2.322
7.14
7.459
5.426
1.0
2.322
-2.585
1.585
5.17
2.0
1.585
-3.0
5.426
6.768
-2.322
-6.285
-2.807
1.585
5.492
-2.585
4.322
-1.585
-2.0
-2.585
2.0
2.322
-0.0
1.585
4.248
-3.0
-7.044
-1.585
-5.248
-4.392
1.0
4.459
-3.7
1.0
3.907
-4.459
-4.807
-2.322
2.585
4.17
6.57
4.755
6.229
8.271
3.0
-0.0
-4.524
5.644
-5.459
-4.248
3.0
-1.0
-5.858
3.322
6.066
-4.524
5.555
2.322
1.0
-2.0
3.0
-3.322
-1.0
-7.077
-3.0
5.977
-0.0
-6.629
2.585
-6.022
3.0
-5.672
-4.392
-0.0
-4.644
-2.0
1.0
-6.087
-5.492
-4.755
-4.087
-4.644
-2.0
3.17
3.907
-1.585
0.0
-4.7
7.889
-3.322
4.322
0.0
-5.833
-4.459
0.0
-5.459
0.0
0.0
6.209
4.087
6.322
-2.0
-6.409
5.585
4.17
-2.0
-3.0
6.658
-4.644
-4.524
2.807
-6.476
6.907
4.459
-4.087
-5.728
-6.392
4.7
-1.585
3.7
-7.17
-2.807
-0.0
0.0
-2.0
-4.807
-6.539
-3.0
-4.907
-3.459
0.0
-2.585
1.585
-3.7
2.322
-3.0
1.585
-4.17
-1.585
4.322
5.644
2.807
-0.0
4.807
7.257
4.248
-6.426
0.0
-3.17
-4.858
-3.17
-3.585
-6.17
-1.0
-7.14
-5.044
6.17
-4.585
-1.0
8.093
4.248
-3.585
-7.555
-6.82
-2.0
-2.322
3.7
-4.755
-5.883
1.0
-3.0
-4.0
-3.459
-4.322
4.755
-2.0
3.0
4.524
5.672
-6.375
-6.109
6.7
-6.285
-0.0
0.0
-3.17
-0.0
6.615
-2.585
-4.248
5.954
4.585
5.615
4.248
3.322
-2.0
-3.0
-3.322
-0.0
-2.807
-6.57
-4.858
2.807
4.585
-2.322
7.615
7.7
-1.0
-3.585
0.0
7.285
-1.0
6.977
4.644
4.392
-3.0
2.322
-5.931
0.0
-2.322
2.0
-6.285
-3.459
-4.644
6.022
3.585
-1.0
-1.585
-4.858
-7.34
-0.0
2.585
6.644
-3.7
-3.807
5.781
0.0
3.322
-2.0
3.807
-4.755
-3.17
-1.0
2.585
6.524
7.331
1.0
-2.0
-6.524
2.322
-2.807
-6.17
-4.524
2.807
-6.15
0.0
4.7
-1.585
6.728
-3.17
-4.17
5.728
5.209
3.17
3.0
-1.0
0.0
7.15
-4.858
-4.0
0.0
3.7
-6.539
-2.322
3.322
-2.585
-5.392
1.0
4.459
7.022
-6.304
-6.539
-5.755
-1.0
3.7
-1.585
0.0
3.459
-4.807
-2.585
2.322
0.0
-2.0
-1.585
-3.7
4.858
-6.895
-3.0
6.845
-3.7
-5.0
-1.585
6.714
-5.883
3.17
-5.977
-1.0
-2.0
0.0
-3.459
-4.248
0.0
-4.248
-4.322
-2.807
7.994
-6.304
2.322
6.615
0.0
7.276
-2.322
2.322
4.644
-6.687
3.0
-5.781
3.322
0.0
7.313
-4.907
5.858
1.0
0.0
-3.807
6.82
3.585
-4.0
-4.524
3.17
-3.322
3.459
-3.0
5.883
4.0
-5.755
-3.17
0.0
-3.0
4.858
-2.807
5.492
3.459
-2.807
-1.585
6.845
-3.17
7.728
-1.0
-6.845
-6.358
-3.585
1.585
5.459
-0.0
5.644
-3.7
-5.285
2.585
2.585
-3.907
2.0
-4.392
-2.322
-1.0
5.392
4.858
-3.7
-5.977
4.7
-5.931
4.087
-4.322
-5.931
-7.011
3.0
4.954
-3.585
-1.0
4.087
2.0
-2.585
5.459
7.129
0.0
5.585
-4.087
-3.0
4.087
-2.0
6.087
-7.219
-5.615
-3.0
2.0
2.0
-0.0
3.807
-0.0
-0.0
-7.322
0.0
4.17
-4.858
-4.17
-1.0
-4.644
3.585
-1.585
-2.322
4.322
2.585
4.644
6.087
-3.459
-3.17
2.807
3.17
-0.0
5.615
-3.17
-0.0
-6.794
-6.392
1.585
0.0
-2.0
-0.0
-0.0
5.833
-6.539
-5.459
7.644
-1.585
4.644
1.585
0.0
4.459
-4.248
5.087
3.0
-4.392
-7.022
6.443
-3.0
-6.392
-2.322
6.728
6.129
-7.257
-2.807
5.492
4.524
1.585
5.285
6.267
-4.392
-1.0
3.807
1.585
4.755
7.96
0.0
-1.0
-5.492
-7.983
-3.807
-4.524
5.524
-5.907
2.585
-5.087
3.0
3.907
0.0
5.322
6.919
4.17
-6.895
4.322
-1.585
7.022
1.585
2.0
4.0
1.585
4.322
0.0
5.392
-0.0
4.524
1.0
2.322
-3.0
-4.248
5.392
-2.322
2.807
5.781
0.0
1.0
-1.585
3.459
-3.0
-3.322
4.087
5.0
-6.687
-3.459
-6.17
-1.0
3.7
0.0
3.585
-5.129
-5.0
4.459
1.585
3.322
6.304
-4.0
3.585
4.0
5.087
0.0
0.0
-3.0
7.0
-2.585
-3.7
-4.0
-3.459
-4.7
5.248
2.807
0.0
-2.585
4.755
-7.313
2.807
-6.209
-5.358
1.585
3.0
-4.7
-4.392
6.57
-4.807
-4.7
2.585
-3.0
2.0
-0.0
1.0
3.585
4.322
-3.0
-5.672
5.615
-5.209
4.087
-6.794
-0.0
-6.57
-0.0
-3.807
3.585
1.0
-6.285
6.895
0.0
-0.0
2.807
-6.304
1.0
4.807
-3.459
-4.248
2.322
-3.322
2.0
0.0
3.0
6.807
6.615
0.0
-0.0
-3.17
6.426
2.0
-4.644
-3.807
0.0
-2.322
-0.0
-4.585
-2.322
-5.7
4.322
-5.833
7.219
1.585
2.807
-1.0
5.044
7.707
7.055
-7.044
-2.0
-2.322
-3.807
-1.585
-3.807
1.0
1.585
0.0
-7.044
-6.755
-0.0
3.322
4.392
6.392
5.615
1.585
-6.129
-3.0
8.725
-5.358
-4.459
2.807
-0.0
-3.585
-5.209
0.0
3.17
-4.17
-4.248
-6.977
4.807
-0.0
-4.322
-3.17
3.907
-5.833
-2.0
3.907
3.0
7.592
-7.033
-6.426
-0.0
-1.0
5.392
-2.322
6.82
5.807
3.807
-1.585
-6.615
3.585
-0.0
-0.0
-5.285
-3.585
-3.17
-5.0
-6.109
-2.585
-6.15
7.531
0.0
-5.426
6.022
-3.7
4.087
-0.0
-6.672
4.807
-0.0
-5.044
-6.6
1.585
3.7
-2.0
-4.17
5.17
-3.585
2.322
5.392
-4.0
-1.585
2.0
-1.0
2.0
-3.7
-1.0
0.0
1.585
-4.459
4.585
2.322
-4.7
-6.539
-0.0
2.322
6.644
5.087
-1.585
-1.585
-2.322
3.7
1.0
5.644
2.807
-2.0
7.516
-5.322
-0.0
2.322
-1.0
-5.807
-4.954
4.524
3.17
-0.0
-5.17
-3.17
-4.644
-4.459
6.426
-6.883
-1.585
5.524
7.322
7.748
0.0
-4.392
-3.0
4.907
6.7
-6.022
1.0
1.585
4.0
-3.0
0.0
-1.585
3.907
-4.524
-2.322
4.755
3.459
-6.845
-1.585
4.0
-6.644
-1.0
5.672
4.524
-2.322
-6.087
-5.044
6.267
-5.781
-1.0
2.585
-2.0
1.585
-3.807
-5.644
1.585
-3.322
-2.585
6.585
-2.585
1.0
-0.0
1.585
-2.322
6.129
3.907
6.615
-4.459
3.585
5.555
2.322
4.954
-4.755
-4.0
-3.0
-5.781
0.0
0.0
3.459
-4.524
1.0
3.17
-2.0
-5.17
3.459
-3.0
3.807
4.807
2.322
0.0
4.807
7.748
7.066
-3.0
4.755
3.0
-2.807
-3.0
-5.728
5.322
3.907
-4.0
0.0
-5.883
0.0
0.0
-5.644
-1.0
6.524
-4.907
2.0
-6.755
5.044
-4.322
-1.0
-1.0
6.508
3.0
-6.585
3.585
0.0
4.248
-2.322
0.0
-4.0
-5.883
2.0
-5.858
6.459
2.0
2.322
-4.392
-4.907
5.248
4.755
-3.807
1.585
6.755
7.555
2.807
-2.807
-1.0
3.459
2.585
2.0
4.807
-2.0
-3.17
0.0
-3.907
4.858
-1.585
-5.7
-4.17
-0.0
3.7
-2.322
3.459
-4.459
0.0
5.459
-6.57
-6.492
-3.459
-5.833
-1.0
-4.322
-4.459
1.585
6.17
5.044
-4.0
7.011
5.585
-3.17
4.954
6.508
0.0
2.585
3.17
-2.322
2.585
5.322
-5.833
1.0
-4.392
6.966
-2.322
-2.322
-0.0
-2.585
-2.807
3.0
-1.0
5.129
2.322
1.585
-5.781
-4.807
-4.392
-6.17
0.0
5.755
2.0
-4.858
7.6
4.17
5.644
-4.459
-2.585
-1.585
3.807
0.0
4.858
-4.087
-3.17
5.555
4.322
-4.17
-1.585
2.322
-5.858
1.585
-3.7
6.229
-2.322
6.066
3.0
2.0
2.585
5.322
-3.7
7.209
-1.0
5.17
-4.322
-3.0
0.0
-0.0
-6.34
-2.322
1.585
0.0
-2.322
-3.585
4.0
7.5
2.322
1.0
-3.0
4.459
4.17
-5.248
6.476
3.0
-4.248
-5.248
3.807
1.585
5.322
2.322
-0.0
-6.248
-3.322
-3.907
8.281
0.0
-6.807
3.322
-3.17
5.492
3.459
5.459
-1.0
5.858
7.044
1.0
-0.0
3.322
-4.858
3.459
-3.17
-4.087
5.17
-2.0
-4.858
-7.443
-2.585
3.17
4.524
-0.0
7.267
-2.585
7.022
5.087
2.585
-6.248
3.17
-5.728
1.585
-0.0
7.0
-2.0
-4.7
5.285
4.0
-6.755
4.907
-3.907
-5.17
3.322
-5.615
6.6
-1.585
3.585
3.807
0.0
7.238
0.0
-5.555
2.0
5.7
-0.0
-3.907
4.248
-7.322
6.585
-1.585
-6.267
5.358
-7.331
5.672
3.459
-4.17
2.585
-0.0
-0.0
-2.322
-4.17
-5.044
2.807
-5.322
0.0
-1.585
2.807
-1.0
0.0
1.0
-3.7
4.0
-6.209
5.615
-1.585
7.066
2.585
5.087
0.0
-1.585
-3.585
-5.883
-7.349
-3.7
-0.0
4.0
6.304
-1.585
-5.833
-7.82
-3.0
5.17
-6.322
-2.322
-6.768
-5.426
7.276
-7.285
-2.322
3.907
-5.392
-4.322
-4.248
4.644
-5.044
7.077
4.392
3.17
-6.687
-6.229
3.0
-5.7
0.0
-6.022
3.907
-3.807
0.0
3.807
-4.7
-6.109
-5.358
-3.807
-0.0
-3.459
-6.741
-2.807
5.17
3.0
-6.375
5.248
1.0
5.833
8.392
-4.392
-7.14
7.508
5.129
-3.459
5.209
-2.0
-2.807
-0.0
-6.248
-1.0
6.7
3.0
6.129
0.0
3.322
7.707
-2.322
-5.129
-1.585
-4.459
-5.129
-7.358
3.585
-3.17
-4.459
3.7
6.807
4.524
-0.0
-2.322
3.807
-2.807
-5.322
1.585
-0.0
0.0
-3.585
5.426
-3.0
4.087
-5.459
3.907
3.17
1.0
-4.807
-6.7
2.585
-6.34
4.0
2.0
-3.0
-4.087
-2.0
6.209
-6.6
-2.0
-7.238
-4.248
5.392
-4.459
-6.209
-1.0
4.0
-5.17
-3.807
-2.322
3.17
-3.585
2.322
4.644
-2.0
1.0
-6.229
-2.0
-6.129
-6.883
1.585
-0.0
-5.644
5.615
-2.322
-3.585
-5.129
-3.907
1.585
-4.755
6.845
1.0
-4.7
-3.0
5.728
-2.585
3.17
-6.459
-5.7
-0.0
5.807
-5.322
-5.977
1.0
-5.129
-4.585
5.044
7.907
-1.585
4.954
-1.0
-6.0
-5.044
-2.807
3.585
7.735
-4.087
-5.858
-4.524
-5.672
6.919
2.0
3.17
0.0
-1.585
6.508
3.907
-2.322
-6.34
2.0
-6.285
-3.17
-1.585
-3.322
5.615
-0.0
-5.524
-4.954
-7.409
-6.392
2.0
6.358
-4.0
-5.17
-4.0
-2.807
2.322
7.209
5.907
-5.17
-3.459
-4.858
-2.807
-3.17
1.0
1.0
3.907
5.728
4.907
3.0
5.524
-3.585
-0.0
0.0
-0.0
-5.0
1.585
-4.858
6.6
6.714
0.0
-3.7
-4.755
-4.459
7.0
3.7
-5.459
-0.0
-5.883
-3.17
-2.585
-7.531
-3.17
6.129
0.0
-3.907
3.807
-3.585
4.585
-6.629
-7.6
3.0
-0.0
-4.585
-6.267
-1.585
2.0
3.322
-5.644
4.459
-2.0
0.0
-1.0
-4.0
3.459
-4.585
2.322
-3.459
-2.807
-0.0
-4.248
-3.7
-5.322
-7.366
5.931
-5.833
0.0
0.0
4.087
-2.0
3.17
6.476
-6.375
-5.524
4.807
4.322
-2.807
-5.615
5.426
3.17
-3.322
-2.585
1.585
-5.209
-6.585
-4.954
-5.907
-1.585
3.585
2.585
3.0
5.907
0.0
-4.248
5.954
-2.322
1.0
-6.17
-3.0
-3.459
7.508
7.476
1.0
-3.0
-4.0
-4.524
7.607
4.087
3.459
-2.807
-3.17
2.807
6.977
-4.087
-4.392
4.585
-6.285
2.585
6.845
-6.375
4.17
-2.322
-4.644
0.0
1.0
4.392
-2.807
-2.585
3.459
0.0
4.0
-6.807
-3.807
-5.883
5.248
-7.011
-5.044
-1.0
-4.585
2.585
-0.0
5.954
-7.022
-3.907
1.0
-3.0
-2.0
2.585
-5.358
5.0
-6.539
4.585
2.322
-2.585
-2.322
0.0
7.17
-3.459
3.7
5.807
4.17
-2.0
-5.044
-3.585
-2.322
-2.322
-0.0
-3.17
2.322
-6.524
-3.322
0.0
-2.585
-6.943
-1.585
-6.476
-3.17
-2.322
0.0
-6.229
-2.585
2.0
-2.585
1.0
-1.0
-2.585
-5.755
6.539
0.0
-2.807
-3.322
5.7
5.728
-6.15
-2.0
1.0
-1.585
-5.0
0.0
2.585
5.858
-5.044
-6.358
-4.087
2.0
5.883
-3.907
6.066
1.585
5.285
-4.644
2.322
-3.322
1.0
-6.728
-2.0
-4.392
-4.755
4.524
-2.322
2.585
0.0
-2.322
6.585
3.807
-2.807
-1.0
-3.807
-4.524
-6.285
-2.585
-3.7
2.585
-1.0
-4.459
6.0
-5.672
-4.392
-6.375
-4.392
-5.954
1.0
1.0
-5.0
-1.0
-2.807
0.0
5.459
-5.807
5.0
1.0
2.585
6.19
4.392
4.858
-4.087
6.755
-4.755
4.17
-5.781
-5.426
6.17
1.0
2.585
2.0
-3.585
-4.322
1.585
-3.0
-6.087
-2.585
5.285
-3.459
6.109
3.585
-6.087
-1.0
5.755
4.459
2.0
3.17
-4.807
2.807
2.0
6.248
-3.322
2.585
-2.585
-5.858
4.087
4.322
-0.0
-3.322
6.209
-3.7
7.087
4.954
0.0
5.358
6.248
-5.044
3.322
5.728
3.459
-6.358
3.0
5.358
-0.0
-2.585
3.322
-3.0
-0.0
-7.209
-3.585
-4.0
-4.322
-4.392
-5.492
-3.907
-4.755
-2.322
7.119
4.585
0.0
1.0
-2.322
-2.0
7.19
-3.459
4.0
6.409
0.0
3.459
-6.087
-0.0
0.0
2.807
4.087
4.087
-2.585
0.0
6.443
5.209
-4.248
0.0
4.392
-6.19
-1.585
-1.585
5.728
-2.585
2.0
5.954
-4.755
-6.0
-2.585
-3.459
3.459
5.209
-5.248
-3.585
4.392
3.585
-2.807
2.322
3.17
4.322
4.755
3.17
4.17
1.585
2.0
2.322
-5.17
-7.295
5.209
-4.7
-4.807
5.555
3.907
4.524
-4.524
-2.0
-3.459
4.807
6.066
5.209
-2.322
-2.807
2.0
-3.7
-3.322
-4.459
6.109
-1.585
3.322
3.7
-4.248
3.459
6.492
-5.858
3.585
-5.907
-3.7
4.807
-3.807
-6.919
-1.585
0.0
-2.322
1.585
-4.755
-2.322
-6.644
0.0
6.768
-1.0
-2.0
-2.0
-4.459
-2.322
0.0
6.524
5.358
1.585
-3.585
6.443
-2.322
-2.585
-6.644
1.0
0.0
-2.322
-2.0
-5.17
-3.0
0.0
-1.585
-6.644
-1.0
-3.907
-5.833
-2.807
-2.0
0.0
-4.0
7.531
4.17
-2.807
-6.755
3.17
5.615
5.672
-3.17
2.0
-2.585
-2.585
0.0
-5.044
2.585
-3.459
2.585
4.392
-4.644
-3.322
4.248
5.285
2.807
-3.17
3.7
0.0
-6.728
7.304
-6.658
1.585
-1.585
6.539
-6.34
5.087
4.585
4.0
7.925
7.492
7.2
2.0
-2.585
5.728
-3.7
-4.322
5.248
6.066
-5.555
4.7
-3.585
-6.555
2.322
-1.0
-2.585
2.322
-5.426
5.285
4.858
2.322
3.7
2.585
5.285
0.0
0.0
0.0
2.0
-3.0
2.0
-5.209
-5.426
-6.585
4.585
-4.585
3.585
-5.672
3.17
-3.17
-1.585
-6.087
-0.0
-3.322
-5.781
3.459
5.426
-2.807
4.585
-6.129
8.0
3.459
-4.644
-0.0
4.087
-2.585
3.17
5.17
5.459
-5.833
-6.044
-2.807
4.524
-2.585
-6.426
5.615
3.0
-2.585
3.322
-2.0
-2.0
4.17
-3.585
7.665
-2.585
2.807
6.459
-5.492
-1.585
-2.0
-3.907
-3.322
6.508
0.0
-2.585
-6.615
0.0
2.585
-2.807
-2.0
-4.644
-6.539
-3.0
-3.322
-5.615
4.17
1.0
-2.322
4.392
0.0
-1.0
6.022
-4.459
2.807
5.358
3.7
-2.585
5.728
-3.459
-6.229
-4.644
-2.585
6.392
0.0
1.0
-5.044
-6.443
7.5
2.322
4.248
-3.0
3.322
-6.57
7.011
-1.0
0.0
0.0
-6.392
4.524
-5.7
6.267
-3.17
0.0
5.672
-4.087
-6.524
-4.7
-4.858
4.459
1.0
0.0
0.0
-1.585
-3.907
-2.807
5.833
6.022
-1.585
3.322
2.322
-4.524
4.858
-2.807
3.459
-1.0
6.19
-1.0
-1.0
-4.524
-3.17
-2.322
5.728
-5.426
5.322
-3.322
-3.7
2.585
-3.17
6.426
1.0
-4.0
2.807
5.0
-3.585
1.585
-6.15
-2.585
5.322
2.0
1.585
-7.109
-4.524
-2.807
-1.585
-6.907
5.615
3.0
-3.322
0.0
7.285
-5.044
2.322
5.392
3.322
-4.17
3.17
4.392
-4.087
-1.0
-4.644
4.17
-1.585
-6.6
7.637
-3.7
-4.392
7.615
-3.322
3.322
2.585
-6.644
-1.585
5.392
3.0
5.392
4.0
4.392
5.459
-1.585
-0.0
6.19
3.459
-5.931
-6.492
-1.585
2.322
2.585
2.0
-1.0
-4.755
0.0
1.585
-4.954
-4.954
-1.0
4.322
-3.807
4.248
0.0
1.0
-6.17
-4.858
7.883
4.248
5.248
5.358
-3.17
4.459
3.459
1.0
-1.585
-4.248
-6.17
2.807
-4.7
-2.0
-2.585
-5.7
2.322
0.0
-4.807
1.585
-2.807
2.585
2.322
1.585
-3.17
6.524
2.322
5.0
-1.585
-4.17
7.508
3.0
2.807
4.524
-7.066
6.229
2.585
-5.426
-4.954
-3.17
-0.0
-5.459
2.585
-2.807
3.585
-4.087
0.0
8.281
-2.322
-4.0
2.585
-3.322
-1.585
0.0
-3.907
2.585
2.322
-2.807
-3.17
-3.7
-4.585
2.585
0.0
7.209
-4.087
5.728
4.0
-5.644
-6.781
3.585
-1.0
2.585
4.392
0.0
1.585
-6.895
0.0
4.644
-4.392
-6.644
0.0
-2.322
-0.0
6.781
-4.17
3.322
-3.17
5.883
-3.585
-4.17
1.585
-2.322
5.492
1.585
-0.0
-3.322
4.954
4.0
-6.658
2.0
-5.644
3.7
-3.585
-5.615
6.6
0.0
-3.459
-0.0
-1.585
4.248
-3.807
-0.0
-5.585
-4.087
0.0
3.17
5.524
2.322
3.322
-5.209
4.807
-0.0
-6.585
-3.322
1.0
-3.17
3.0
4.322
-4.755
1.0
-1.0
4.644
-7.295
1.0
2.585
5.0
-2.807
6.476
3.322
-6.615
6.895
2.0
-2.322
5.555
3.585
-0.0
-4.459
-5.044
3.17
-4.524
2.0
-2.0
1.0
-2.585
6.044
-3.0
-2.322
6.0
4.392
-3.7
-2.585
6.524
-6.508
0.0
-4.087
6.322
5.728
-6.615
1.0
-5.755
-4.954
6.672
-5.129
-0.0
-2.0
-6.768
-6.931
-4.0
-4.392
0.0
0.0
6.524
5.807
6.919
-6.741
3.907
0.0
-4.322
-3.17
3.7
-6.0
-2.585
5.248
4.807
0.0
3.807
-2.0
-2.585
3.0
-4.858
-5.087
-5.931
-3.7
4.322
-5.833
-4.524
3.0
-3.907
-2.585
-3.7
5.129
-0.0
-3.0
-4.585
-3.322
-6.129
-3.807
-3.322
6.714
6.555
-3.17
-5.426
-2.585
-2.322
-3.807
4.322
-2.322
0.0
2.807
5.781
5.322
-5.728
5.358
-6.82
-1.0
4.7
-6.508
-6.285
3.807
-3.807
5.615
-6.209
4.907
2.807
5.492
-5.0
-4.0
-5.209
6.585
-3.0
2.585
-3.585
2.585
3.17
2.585
-5.17
2.585
0.0
1.585
2.585
-2.585
4.807
2.0
5.585
-3.459
6.109
1.585
6.267
-6.672
-6.687
-3.459
5.555
0.0
4.807
-1.585
-3.322
0.0
0.0
-2.807
-2.322
-4.644
-3.585
-5.883
-3.17
-6.044
-4.459
4.524
1.0
-0.0
-2.0
7.248
0.0
-6.229
-4.322
-1.0
4.392
3.459
-4.459
-6.022
3.7
-2.0
-4.459
-5.492
-5.209
-1.0
0.0
-1.0
-3.0
2.0
-5.492
5.358
-4.954
-4.585
-3.17
2.322
-3.17
-2.0
-4.459
-2.0
5.781
-3.17
7.16
1.0
2.0
-2.807
3.17
7.658
7.615
5.0
3.0
5.129
-4.524
-0.0
7.919
3.907
4.644
-1.0
-6.322
-5.728
-3.322
-5.644
-4.459
-1.585
5.492
-5.755
-5.931
3.459
7.937
-0.0
-2.585
3.0
-6.34
3.585
-6.044
-1.0
-2.585
-4.087
-0.0
2.0
4.0
-2.585
1.0
0.0
1.585
-3.585
2.807
5.044
-2.0
-5.17
4.392
-1.0
-3.0
3.907
0.0
-1.0
-2.322
7.384
-4.248
5.931
-1.585
4.755
-2.322
-6.34
3.459
-2.322
-6.687
-5.672
-5.426
7.16
1.0
-6.539
-2.807
-5.7
5.672
2.807
-2.322
-2.807
2.0
2.807
-4.524
4.954
-2.807
3.17
1.0
-2.585
5.615
-3.7
0.0
-2.0
4.755
5.644
-4.087
-4.248
0.0
5.459
-5.644
-3.459
-3.0
0.0
6.248
-2.322
5.209
0.0
7.267
0.0
3.585
4.644
6.728
-1.585
-6.392
-5.209
6.209
-4.755
4.0
1.0
5.7
5.209
5.954
3.7
-2.0
-3.322
-6.229
-6.267
6.931
1.585
-3.585
-4.755
6.17
-6.209
-1.0
7.622
3.322
6.209
-4.644
-3.17
-3.322
-4.524
-6.443
-2.585
-2.585
-2.585
2.585
-1.585
-3.0
6.755
-7.109
-2.585
2.322
-0.0
-5.044
2.322
2.807
-4.392
-0.0
2.322
5.883
6.687
-1.585
8.693
0.0
0.0
-1.0
-5.954
1.585
-5.248
-4.248
4.954
-6.358
3.585
-2.585
-4.087
2.0
-4.17
1.585
5.358
0.0
6.304
-6.209
0.0
3.907
3.807
4.524
5.248
3.585
-3.907
5.781
-3.807
2.322
-4.459
0.0
-4.17
2.807
4.392
-6.644
-0.0
-7.19
5.644
-6.358
0.0
3.7
4.392
-1.585
5.426
-7.055
7.5
4.392
5.17
-0.0
-3.7
7.285
2.585
0.0
-7.409
6.858
3.17
-2.0
-5.858
-3.459
4.524
3.459
-5.0
3.807
-0.0
-4.0
4.087
4.087
-5.931
2.807
1.0
-3.459
5.322
-7.358
4.644
3.585
4.858
5.833
6.285
-3.459
-5.087
-5.087
-2.0
4.0
-7.209
6.392
-3.7
-2.322
-1.0
3.7
2.807
6.087
5.644
4.248
7.741
-3.907
-7.0
-1.585
2.0
-1.585
3.585
-5.17
1.585
-4.459
0.0
4.524
2.0
-7.366
-3.0
-6.248
4.459
-0.0
-6.858
-1.585
-6.768
-0.0
5.426
5.977
4.087
6.19
3.0
-3.322
4.087
1.0
-6.845
-6.6
-2.322
0.0
-4.17
5.672
0.0
-1.0
-3.585
-4.248
6.555
6.409
-3.7
-3.17
-6.966
-4.524
1.0
-0.0
5.209
2.0
0.0
-5.358
-4.17
-7.607
3.322
-2.322
-0.0
2.585
-4.087
2.0
-3.585
-4.392
-6.492
-4.807
3.322
5.615
6.322
2.585
-6.555
-2.585
-2.807
4.954
1.585
-6.476
7.644
1.0
-5.285
-5.524
3.17
-3.0
-5.585
-4.7
-5.044
-4.954
-0.0
3.0
7.845
2.322
5.585
5.0
-5.17
-2.585
2.585
3.459
-6.524
3.585
2.585
-3.585
-3.0
6.954
-4.392
7.295
-4.322
2.807
-2.0
2.585
-3.0
-2.807
0.0
2.0
-4.17
5.492
-4.392
2.322
6.845
2.807
-4.0
3.17
2.322
2.0
-3.0
4.17
4.0
-6.129
-2.585
3.907
-5.883
0.0
-5.044
6.7
-6.129
3.459
-5.615
2.0
-4.644
-4.524
-4.807
-0.0
1.0
3.0
2.0
7.267
-2.585
-3.0
8.011
0.0
2.585
3.322
-6.768
-2.322
-7.577
-1.585
-5.807
3.459
4.0
3.459
-2.0
5.672
-0.0
2.322
-3.0
5.087
-6.768
-5.044
-2.322
-4.524
-3.322
6.755
3.459
-6.022
-3.322
-5.322
-2.807
2.0
-5.392
-0.0
2.322
-3.17
-5.672
-3.807
-2.322
5.492
4.585
8.317
-3.0
7.852
0.0
6.087
2.807
-2.585
5.728
-3.7
-6.0
3.907
5.248
-1.585
0.0
-3.907
-3.585
4.524
-5.426
3.907
3.7
3.7
-4.907
5.285
5.426
4.248
3.907
3.0
6.375
-3.322
3.7
4.459
-1.585
5.585
-2.585
-3.322
-4.954
-3.0
6.066
-2.585
-0.0
2.322
-2.0
-4.755
-4.907
4.459
-5.833
-1.0
-2.0
-5.931
-2.585
-7.966
-0.0
-2.807
-1.585
-1.585
6.629
-7.033
-6.658
-7.366
-1.0
-4.644
-5.087
-6.741
-5.044
2.585
-0.0
-1.585
1.585
-4.524
-3.585
5.755
-1.0
-6.304
4.248
3.322
-4.322
-6.883
-3.7
3.322
6.672
0.0
-5.248
4.585
-5.285
2.322
-5.087
5.129
7.119
5.044
-3.459
-4.644
-4.322
2.0
1.0
7.735
3.7
-3.459
-2.0
7.15
-3.322
4.524
-4.392
-5.426
-5.728
4.087
4.248
-5.358
5.358
-5.358
4.807
7.044
-5.17
1.0
-5.426
6.585
-6.57
-1.0
3.17
4.17
-6.392
-6.17
5.209
-5.285
2.0
7.644
7.109
-3.17
3.459
2.0
3.807
5.883
-2.322
-3.459
-2.807
-2.0
-5.285
-3.322
-2.0
-2.0
-3.0
-4.17
-2.322
-2.0
-5.087
-6.6
1.0
-5.585
5.615
-3.585
-1.585
-5.644
3.17
-3.585
3.7
-3.17
3.322
-3.7
-5.907
-1.0
-5.954
-4.755
-4.17
4.644
-1.0
-4.0
-6.741
-3.0
-4.755
-3.0
1.0
0.0
2.807
-4.644
3.322
-2.807
-2.0
-1.0
5.585
-4.755
-4.755
0.0
1.0
-5.977
1.0
-4.17
-3.907
-2.807
0.0
-4.585
-3.585
-0.0
-4.17
-2.585
-1.585
5.931
7.044
-5.954
-6.585
0.0
-5.459
-2.585
-1.585
1.0
8.05
-6.943
6.728
8.439
5.248
0.0
-6.658
-5.17
0.0
-6.409
-6.17
3.459
-3.0
-3.807
4.087
2.0
-3.807
-1.585
2.585
3.459
-3.322
-1.585
3.7
-2.322
-1.0
-0.0
8.375
-2.0
5.954
4.17
-2.807
-7.229
-2.807
4.644
6.539
-4.0
2.585
1.0
-3.17
-3.7
-4.087
-5.17
-4.322
-3.585
4.7
7.055
-6.714
-1.0
-4.248
-0.0
-6.17
5.044
7.322
-3.17
3.585
-1.585
0.0
6.82
-1.0
3.322
-4.858
2.585
-6.524
6.066
-1.0
6.615
-6.687
-2.807
-5.129
-4.524
0.0
4.087
6.248
-5.807
-5.044
2.585
-0.0
3.7
-4.644
6.109
6.375
1.0
-1.0
4.322
6.7
2.585
5.728
4.755
7.19
-3.907
0.0
-7.577
-5.129
-5.285
-4.807
-1.585
-0.0
-4.087
0.0
-2.585
6.629
-3.0
-4.644
5.615
-2.0
4.0
-4.524
2.0
-4.644
6.728
4.585
6.375
-2.322
6.768
6.375
0.0
1.585
2.322
5.0
3.0
-2.0
5.781
4.755
0.0
-3.0
4.17
2.0
2.0
-5.459
-3.0
-7.409
0.0
-3.907
3.585
-3.907
-5.044
-4.644
3.7
4.17
1.585
-6.476
-6.0
-1.585
-2.585
4.392
-6.508
6.375
-2.322
-2.322
-2.0
4.907
-3.322
-3.459
6.426
3.459
4.459
1.585
-2.0
-2.322
-2.0
-4.322
5.672
-3.459
-0.0
-3.17
3.7
2.322
3.459
1.0
-2.585
-3.17
2.322
-1.585
2.322
-1.585
0.0
-3.7
6.895
-2.0
2.322
1.0
1.0
6.714
-2.322
-1.0
5.907
-5.907
-3.0
-5.087
3.17
-1.0
1.0
4.524
2.585
2.322
0.0
-6.807
4.807
-4.954
6.555
-4.322
-2.585
4.907
-4.7
-7.276
-3.585
3.585
-2.322
0.0
8.322
2.322
6.087
-5.0
0.0
3.0
-2.807
5.615
0.0
-5.931
-6.943
7.492
3.322
-3.17
4.17
-3.17
2.807
-5.644
-6.833
-6.109
-5.977
-4.644
-6.931
1.0
-4.807
3.459
5.0
3.907
-2.585
-2.807
4.17
2.585
-4.644
0.0
7.0
-3.0
-0.0
-4.248
4.322
1.585
-2.0
3.0
-4.248
-2.0
3.0
0.0
2.0
2.585
-3.17
0.0
2.0
0.0
1.585
4.954
-1.585
6.728
-0.0
4.585
-3.907
4.087
6.615
0.0
-4.644
-7.401
7.845
4.322
4.248
-4.459
3.7
4.248
-5.285
3.807
3.0
-5.044
-5.285
6.508
5.322
-2.585
-1.585
-6.919
-5.17
-4.322
-2.585
-4.392
-6.19
-3.322
-4.087
-2.322
-4.858
2.0
-3.585
5.248
-4.248
4.858
5.0
4.755
2.322
2.0
-4.322
-7.011
2.807
-5.209
2.322
1.585
-6.687
-4.392
5.129
-4.954
-6.883
1.585
4.0
3.907
-5.931
4.392
-2.0
5.209
1.585
-3.907
2.807
3.0
-2.322
-6.492
4.524
-3.17
3.807
5.781
-4.524
1.0
-6.375
-4.392
-5.17
2.322
-4.248
-1.0
-6.781
-6.022
3.807
-3.322
-6.508
-3.907
3.807
3.459
-5.322
3.0
6.6
-6.267
-4.755
5.426
-0.0
2.322
6.585
-4.392
1.585
-4.0
-5.459
-3.17
3.17
-4.907
2.0
2.322
-6.109
4.907
-1.585
-2.322
0.0
5.883
3.7
2.0
3.17
-4.644
1.585
-5.883
5.585
-0.0
5.209
-5.672
-3.0
7.977
0.0
2.322
-6.34
-6.954
-7.248
0.0
6.109
4.907
-5.931
-5.358
6.476
-7.109
-3.17
-4.322
-2.807
-3.907
1.585
2.585
2.322
-5.0
-4.392
3.459
5.644
7.055
-0.0
5.17
-1.585
4.459
3.17
-4.585
3.7
6.539
3.7
1.0
-3.17
-5.672
-5.459
-4.087
4.392
3.585
4.0
-7.109
-6.539
-0.0
4.322
-3.322
2.0
-3.17
2.322
-5.392
-5.209
-6.954
3.7
6.459
-5.0
4.0
0.0
7.547
1.0
1.585
-0.0
7.295
3.907
0.0
-7.531
6.285
1.0
-6.459
-4.755
-7.349
2.322
-6.858
5.285
-3.7
5.615
-3.585
-0.0
-6.087
-1.585
-0.0
-3.0
-1.0
-4.585
-5.807
3.17
3.585
-5.807
0.0
6.585
0.0
-6.17
4.392
-3.7
2.322
-1.0
-2.322
6.728
-6.392
-6.15
-3.322
2.0
6.845
0.0
1.0
6.17
-2.0
2.322
4.644
-6.17
2.322
-2.0
4.17
-6.443
0.0
-0.0
-4.087
1.0
-5.728
4.17
7.055
-2.585
-6.87
-1.585
4.459
7.238
-4.755
-2.322
-2.0
3.585
6.687
2.807
3.0
-5.781
-5.0
-0.0
-6.066
5.209
-4.954
-3.807
-0.0
1.585
6.755
-5.492
-3.585
4.087
-2.322
-1.0
0.0
1.585
-6.781
-5.285
-5.644
6.931
0.0
2.807
-5.585
3.807
3.17
0.0
-0.0
2.0
-0.0
4.954
5.459
-5.931
-5.833
-4.907
-2.0
-1.0
-4.858
-1.0
-4.807
2.585
1.0
0.0
-3.459
-1.585
2.585
4.858
-4.322
4.585
-4.17
0.0
2.0
1.585
-3.17
-1.0
3.459
-3.0
6.129
-4.459
2.0
-1.0
-4.755
-3.0
-4.7
5.615
-6.358
0.0
5.781
4.392
3.459
-3.17
2.0
-6.087
0.0
3.0
0.0
-4.248
3.17
-5.17
0.0
-2.585
1.585
-6.285
1.585
4.087
5.615
-7.18
0.0
2.585
6.248
-1.0
7.119
-1.0
-3.459
5.585
6.555
-3.807
5.492
-3.459
0.0
3.0
-1.0
-1.0
-4.322
-2.322
-2.0
5.044
-6.781
4.0
6.109
-7.285
-5.833
4.644
-1.585
-2.322
-4.524
6.492
-2.807
2.322
-3.459
-6.741
-1.585
7.055
-4.7
-6.585
1.0
-1.585
-5.044
-5.977
-4.392
1.585
-2.0
-0.0
1.0
-2.807
6.539
-3.7
-5.044
3.7
-6.044
1.585
-4.807
-5.644
-3.322
-5.17
-5.644
6.267
3.7
-6.066
2.322
-3.585
4.524
-4.585
-0.0
0.0
1.585
-5.459
3.0
-1.585
5.524
-3.322
-2.322
3.7
4.248
1.0
6.044
-5.524
-4.392
-4.644
5.615
-3.17
-4.585
1.585
3.807
5.555
-2.322
-6.087
2.322
7.858
-6.658
-4.248
-5.044
-3.17
-2.0
4.322
-5.322
-2.807
-4.392
0.0
-1.0
-1.0
-2.807
-5.954
5.322
-1.585
4.954
-4.392
-3.585
-4.087
4.954
-2.322
-2.585
-6.644
-5.044
7.409
-5.087
1.585
-4.322
5.044
6.34
0.0
-5.7
-4.755
-3.0
2.322
-4.459
-0.0
6.066
-3.0
6.7
-4.524
3.807
4.807
5.883
5.459
-3.322
-4.392
4.087
0.0
6.714
7.858
1.585
4.392
3.322
3.0
-3.459
-2.0
3.907
-1.0
2.585
1.0
4.585
-7.492
-5.755
5.7
-4.524
4.459
2.322
0.0
3.807
-1.585
0.0
1.0
-3.585
-2.807
-5.426
3.0
-4.644
0.0
-3.7
-6.34
6.109
3.459
-2.322
3.7
-6.248
-5.492
-5.858
0.0
4.392
-6.672
-4.807
-4.954
-4.0
-0.0
-1.585
-4.392
-5.7
2.0
2.0
-2.322
-5.907
4.907
0.0
-3.807
-3.7
-6.833
0.0
6.209
-5.644
1.0
-5.585
2.807
4.858
-1.0
6.615
6.443
-5.672
2.322
4.858
-3.17
-2.585
-3.907
2.0
3.807
-3.322
6.285
3.459
-5.883
-4.248
-1.585
-4.459
-2.807
-3.17
5.555
-3.0
-4.17
-5.392
-3.459
2.585
1.0
3.17
3.0
1.0
1.585
0.0
-2.322
-5.954
0.0
-3.459
-3.17
0.0
2.322
3.17
2.807
3.322
5.977
-7.033
-5.931
1.0
-4.0
-4.524
-2.322
0.0
-6.539
-3.0
3.0
4.459
-4.087
6.508
6.304
-3.459
3.0
-3.17
1.0
1.585
-5.129
0.0
4.954
4.459
2.0
6.34
-4.17
0.0
4.524
-4.807
-4.755
-5.644
-0.0
-5.248
-3.459
3.907
-4.858
-3.7
5.555
-5.728
-4.0
2.807
0.0
0.0
-5.931
-0.0
0.0
5.585
3.0
-2.0
-3.585
-5.322
-3.7
3.459
-1.585
5.209
-5.585
3.585
-5.954
-6.19
-6.6
6.285
6.34
4.954
1.0
4.392
7.033
5.555
-4.807
5.426
-6.409
-6.919
7.238
2.585
4.755
-2.0
5.285
-1.0
3.907
-2.585
0.0
-4.322
6.044
6.794
-4.807
-7.539
5.7
-5.17
-5.524
-2.0
-5.833
-6.672
-2.807
4.459
6.087
-3.322
-2.322
0.0
-2.585
-4.644
-5.044
-7.129
-3.322
0.0
6.15
1.585
-7.392
3.585
-4.524
-3.322
3.322
-4.087
4.087
0.0
-4.807
-2.0
3.17
-3.907
-4.644
5.209
-4.907
1.585
-6.87
3.7
0.0
-3.322
-4.0
2.585
-0.0
-2.0
3.17
6.044
-0.0
2.0
3.17
-4.954
-1.0
2.322
-3.459
-5.285
6.845
-3.459
3.322
4.755
3.0
0.0
-0.0
-7.607
5.285
-5.209
-3.459
-3.7
2.807
-1.0
4.17
4.807
4.644
1.585
4.248
-5.087
-3.0
-2.0
4.585
5.858
-5.285
-0.0
-3.0
1.0
-5.209
-4.755
5.248
3.7
0.0
6.931
2.322
2.0
4.907
5.907
-2.322
-5.358
0.0
-3.907
4.392
-5.615
-2.322
2.322
2.585
2.0
-6.409
2.322
-4.585
1.585
4.248
4.392
-1.585
2.0
-6.508
6.15
-0.0
6.919
-6.392
6.615
2.585
-6.066
-6.858
1.585
2.322
3.459
6.15
-2.322
-7.16
4.585
-1.585
-4.585
-1.585
5.459
3.459
7.219
0.0
-3.459
-5.044
6.267
-5.858
3.0
-1.0
7.285
-4.7
-3.322
-2.322
2.0
5.426
-3.807
5.087
-3.459
4.585
7.492
-6.966
0.0
-0.0
-2.0
3.17
7.209
-4.17
1.0
-4.807
0.0
-3.0
-2.807
-1.0
2.0
-7.229
0.0
-7.066
-5.781
-5.209
6.248
-1.0
4.087
5.044
5.044
3.585
2.807
-6.087
-3.459
6.539
4.907
5.585
3.907
-3.459
3.17
-6.409
-6.044
-3.7
-4.459
-2.585
-5.129
4.322
-6.087
-1.585
5.615
-6.0
2.0
-3.7
-5.492
-7.34
6.794
-5.426
4.248
-4.322
-6.304
-0.0
-1.0
-1.585
-2.0
0.0
-4.907
5.728
6.585
5.0
-3.807
-1.0
-6.267
-4.7
-1.585
3.459
-6.322
-4.17
-5.087
-5.907
1.0
4.0
3.322
-3.0
5.209
2.322
-4.17
-7.229
-3.7
5.977
-3.0
-0.0
-0.0
-1.0
2.585
0.0
5.807
4.807
-3.322
3.17
6.229
-2.585
6.087
7.714
-4.17
-2.0
-7.5
-2.0
-4.0
-2.807
-4.585
-2.585
-4.087
2.0
-4.17
0.0
-7.022
-1.0
-4.585
5.492
7.055
-6.7
-2.807
-4.907
-6.209
2.322
5.285
-4.858
-5.358
2.322
4.392
-0.0
4.0
-1.585
-3.0
3.807
-4.907
3.907
7.19
-3.17
3.17
6.833
0.0
-5.285
1.585
-6.919
-2.322
-0.0
5.17
3.7
-4.322
-5.129
-3.0
-6.907
-3.17
-5.755
-0.0
3.807
2.322
-5.781
-7.033
3.807
-3.907
7.119
3.807
-5.755
4.392
0.0
3.907
7.17
-1.0
-1.0
7.858
0.0
-0.0
3.459
-7.229
5.0
-1.0
1.585
-2.585
-5.426
1.0
3.585
7.366
-4.585
5.524
-2.322
8.044
-5.358
-3.322
1.585
0.0
1.585
-7.392
5.392
3.0
0.0
1.0
1.585
-5.728
-4.248
4.0
0.0
-4.954
7.219
1.585
-5.392
-2.807
3.585
-5.17
4.0
-1.585
4.858
-6.476
-3.322
2.585
4.322
-5.459
5.555
2.0
4.524
0.0
-5.644
5.426
-2.585
1.585
0.0
0.0
-0.0
-2.807
3.459
5.17
-3.0
5.755
1.0
2.0
-5.858
-4.17
2.585
-3.7
-2.322
-5.129
5.209
-7.087
-2.585
3.7
-3.0
-3.0
-4.087
-5.615
-1.585
-5.755
5.644
2.0
-5.358
2.585
3.585
0.0
6.644
6.644
5.977
4.087
-6.443
0.0
-0.0
-1.585
-3.585
1.0
-4.248
5.087
6.977
-4.248
2.807
6.82
-4.644
5.807
-2.0
-6.629
0.0
-2.322
0.0
-2.807
-4.524
-5.858
0.0
7.531
-5.585
3.459
5.585
-1.585
2.0
-2.0
-3.7
2.585
-3.322
-2.585
3.585
5.858
4.17
5.044
0.0
-1.585
-4.524
-0.0
7.82
-2.0
-3.7
-3.0
3.459
2.0
1.0
2.585
4.248
2.0
-5.0
-5.524
-5.129
-6.658
-4.858
-5.524
4.524
5.492
-7.022
-6.304
-6.524
1.585
0.0
-2.322
-3.17
3.322
-4.524
-4.585
-2.322
-5.322
4.087
6.066
6.615
0.0
2.585
2.0
3.0
-7.651
6.34
-5.285
2.322
3.459
-2.322
-6.672
-4.954
-5.615
3.459
-4.459
-3.17
-2.0
1.0
-3.17
-5.285
-6.714
-5.392
1.0
-5.755
0.0
-6.443
-3.17
5.087
-0.0
-4.392
7.055
-3.907
-4.644
-3.7
-7.366
-3.0
-4.807
4.954
4.17
-2.585
-6.044
2.0
-4.248
5.392
-2.0
2.0
-2.585
2.807
5.781
1.0
5.524
-1.0
5.209
-6.426
-5.858
4.858
-1.585
-7.011
-2.807
4.392
7.644
0.0
2.807
-5.0
-2.0
-6.129
-1.585
3.0
-3.17
2.0
3.585
-6.687
4.524
3.7
3.322
-4.459
-3.459
-3.807
0.0
-5.129
0.0
-5.755
-6.615
-5.833
3.0
7.687
-2.807
-3.807
3.17
-4.392
-2.0
-3.7
-2.807
5.907
0.0
5.807
-0.0
2.0
-3.7
-5.615
3.585
3.459
5.781
6.392
-1.585
-6.476
-4.087
3.807
0.0
-3.0
-4.954
-1.0
3.322
0.0
2.585
2.0
4.459
-7.322
7.267
-3.7
2.585
-3.459
-4.644
-2.807
-5.044
0.0
-3.459
3.0
7.476
6.781
3.17
-3.0
-6.833
-3.585
-6.375
5.459
-6.409
-6.358
3.322
8.262
-2.585
5.044
-4.755
-5.755
-6.57
0.0
-6.022
-6.248
-4.0
5.285
-0.0
-7.366
-6.687
2.0
5.807
6.267
3.7
-6.794
-4.907
2.0
-3.17
-5.322
-6.7
-6.539
5.392
-4.087
-6.304
2.807
-5.555
1.585
-1.0
-1.585
-6.57
-0.0
-1.585
-0.0
3.585
3.459
5.807
3.7
-6.687
4.17
-3.459
-2.585
-6.524
5.0
-3.807
-7.0
4.907
7.547
4.087
0.0
7.209
1.0
-6.615
-6.883
7.833
-5.644
3.0
-6.615
6.0
-3.459
2.322
-2.807
-1.0
0.0
-2.0
3.907
-2.807
5.781
3.322
-6.285
5.644
-7.0
-3.322
-4.087
3.0
-4.322
-2.807
-4.248
-5.322
6.585
-4.17
-2.585
4.807
1.0
-1.585
2.0
1.585
1.0
-4.524
-2.322
2.807
0.0
4.0
-5.931
-6.0
-6.492
-5.087
4.392
-5.426
-1.0
-6.304
-3.17
-7.409
5.087
1.585
0.0
-4.0
-7.066
-2.807
-4.585
1.0
3.0
-3.459
-5.492
1.585
-5.392
-2.807
5.248
-6.426
-4.524
-2.322
-3.0
-4.459
6.17
3.0
3.907
-2.585
6.248
0.0
-5.524
-5.672
0.0
-4.17
-4.7
6.476
4.0
-5.728
6.17
1.0
-3.0
-6.358
-2.0
-6.492
2.807
-5.858
5.728
-1.585
0.0
0.0
4.7
-2.585
-1.585
5.585
-4.858
-5.7
5.426
-4.087
-6.285
4.459
-6.022
-2.807
-3.322
2.322
-4.585
0.0
-3.7
5.358
-4.644
-3.459
3.17
-6.066
-2.807
-3.585
4.644
2.585
2.585
-5.492
-6.728
-2.807
-6.304
2.0
-2.585
-6.845
2.0
6.585
-5.977
3.585
-2.0
2.0
-5.392
-2.585
4.248
-2.807
3.322
5.248
0.0
-5.555
5.358
3.585
-1.585
-2.585
8.358
6.375
-6.6
4.0
0.0
4.858
-3.585
-2.322
-4.0
1.585
2.0
2.322
0.0
7.562
5.248
-5.755
7.629
1.0
2.807
-3.807
-5.248
-6.267
3.322
-6.672
-3.459
-6.977
-1.585
-4.248
4.7
2.585
-5.044
-5.781
-3.0
-3.0
-1.0
3.807
2.0
0.0
-1.0
-2.585
5.358
3.322
-6.375
5.615
-2.585
-4.248
4.907
-4.644
-1.585
-4.0
-5.044
-1.0
-4.248
-0.0
-2.807
-5.7
4.858
-5.17
-6.931
0.0
5.129
1.585
-3.807
0.0
-4.907
3.0
8.353
-3.459
-2.585
3.17
-5.0
1.0
6.392
2.807
3.0
5.17
5.392
1.0
2.807
7.295
-6.34
-0.0
3.459
-4.755
3.585
-5.322
5.492
-1.585
-3.7
-2.585
-2.807
-6.19
-4.087
0.0
-5.931
-3.17
-3.585
-1.0
5.17
6.304
-2.807
2.322
-1.585
-3.322
-2.0
-5.858
-6.322
5.907
-5.907
6.741
0.0
2.585
-4.322
5.209
-1.0
3.907
6.0
2.585
0.0
-5.087
0.0
6.833
-3.0
-0.0
2.585
6.492
6.687
-4.7
3.322
0.0
-2.807
6.248
-6.476
6.687
-6.539
6.229
-5.644
0.0
-1.0
2.0
-5.883
7.119
6.919
1.0
-4.459
4.322
-3.322
6.267
-5.358
-2.322
3.585
-4.858
-3.907
-5.585
-5.17
-4.585
-3.7
2.322
5.248
7.022
1.585
-2.585
-5.807
-6.7
7.858
2.0
5.833
7.592
-4.585
5.322
6.409
7.044
7.775
-4.0
-6.966
7.6
-2.807
-3.0
-5.129
6.459
-2.807
6.658
5.459
-2.0
-3.807
2.0
-4.17
-5.17
-5.615
-5.129
-4.524
-3.17
-5.728
3.585
-2.585
-0.0
6.87
6.087
3.322
3.907
-2.807
0.0
4.0
-7.349
-2.0
-6.741
2.322
3.459
-1.0
4.248
-2.585
-4.807
-5.426
3.7
1.585
3.807
-4.585
3.17
7.349
0.0
0.0
3.585
-2.807
5.285
-0.0
6.426
2.585
-0.0
-5.807
-3.0
-4.087
-6.629
5.426
-2.807
0.0
1.0
-3.0
-6.209
-5.358
-2.585
1.0
6.229
-3.322
-3.7
0.0
-5.833
3.17
-4.087
2.322
-6.267
3.0
-5.728
-3.459
4.524
-6.476
-4.0
-5.781
-3.17
-5.492
-3.0
-7.384
-5.248
-6.858
4.755
2.0
2.585
3.322
-4.807
6.285
4.17
-0.0
-3.0
-5.672
-6.066
1.0
-0.0
-1.0
-4.0
-4.755
3.585
-3.0
-0.0
-6.109
7.858
3.322
-4.17
-3.322
6.492
-2.585
1.0
-1.0
3.7
-3.322
6.615
4.248
-1.585
-3.322
2.322
3.585
-5.883
0.0
1.585
-6.82
0.0
6.087
-6.524
-4.248
2.0
-4.7
2.585
-0.0
4.0
3.17
4.248
5.044
-5.931
-6.615
-6.6
4.585
-7.19
-6.022
-1.585
-1.0
-0.0
-4.858
3.807
-2.322
3.807
-6.022
-3.0
4.17
0.0
-5.129
-1.0
-2.585
-5.644
1.0
1.0
0.0
-4.322
-3.0
3.459
-2.322
4.322
0.0
1.0
-1.0
-1.585
2.585
-2.0
0.0
5.285
-1.585
-3.17
3.0
-2.0
2.322
-5.0
-1.585
-3.322
5.7
2.585
-0.0
-0.0
3.459
-6.807
-0.0
4.585
-6.845
-6.109
3.7
-0.0
-2.585
5.492
3.459
2.807
-3.807
6.539
4.17
-6.57
-2.0
-4.7
-4.524
1.585
1.0
3.585
-3.907
-3.807
4.0
2.0
2.585
4.087
4.322
1.0
3.459
5.883
-1.585
0.0
-6.492
-4.248
-7.044
-3.585
-4.524
6.209
-0.0
-2.0
-5.755
4.0
1.0
6.19
-4.087
7.476
-4.954
-4.087
-5.248
-5.426
-5.044
-4.907
-2.807
6.492
5.492
-6.358
-4.585
-6.358
6.34
1.0
4.858
-4.459
7.313
-0.0
-5.044
-5.907
0.0
-1.0
3.807
-3.17
-5.129
-6.508
-4.907
6.229
-4.087
-4.907
-1.585
-2.322
-2.322
3.322
6.285
-6.943
-2.585
8.29
2.585
-6.17
6.375
-2.585
6.989
-0.0
-4.0
6.17
-6.229
-0.0
-5.459
-2.322
3.585
-5.426
3.7
-6.615
0.0
-6.989
5.644
-2.322
3.7
-4.585
-6.285
2.0
1.0
-1.0
2.322
-6.585
1.0
3.322
-4.524
1.0
0.0
-2.585
-1.585
-2.585
6.044
7.16
5.781
-6.087
3.322
-1.585
-1.585
5.044
2.585
5.644
-3.322
3.0
-3.17
-2.322
-3.0
5.492
5.524
-3.322
-2.807
-2.585
-4.755
-5.392
-1.0
2.322
-3.0
0.0
2.585
1.585
-2.322
-3.459
5.833
-4.524
1.0
-5.087
6.658
6.807
7.972
-6.943
-3.0
-6.087
-3.17
1.0
-3.17
2.322
5.858
-2.0
-2.0
4.858
2.585
-2.0
-4.087
-6.6
-4.459
1.585
5.931
2.322
1.0
3.907
-4.0
-1.585
5.907
-4.087
-2.0
-5.883
5.492
2.0
-4.459
4.392
0.0
0.0
-5.492
-3.7
-1.585
3.7
-3.585
-4.087
1.585
-4.7
2.585
1.585
-5.728
3.585
6.629
6.044
-6.0
0.0
5.392
3.17
-2.0
5.807
8.439
-2.0
1.585
-6.19
5.322
-6.585
3.17
-6.492
7.066
-4.17
5.129
-3.17
-4.858
-0.0
-6.322
4.7
-3.17
5.728
6.476
-1.585
6.87
4.585
-6.248
2.322
-5.883
4.248
-6.57
-5.807
-6.322
-5.285
4.7
-5.615
3.17
0.0
-3.7
6.629
-5.459
1.0
5.285
-0.0
5.555
-2.322
-6.34
3.807
1.585
1.0
-4.322
-3.322
-4.954
3.322
3.7
-2.0
-1.585
4.322
-3.17
-2.585
-6.807
4.248
1.0
-7.238
-3.807
7.238
4.858
-3.17
2.322
3.322
3.585
7.098
-1.585
7.484
-5.322
-3.585
6.409
3.0
-1.585
5.044
1.585
0.0
0.0
-6.6
-5.755
4.392
-6.658
4.954
-4.524
-1.0
4.807
-2.0
0.0
-2.0
-3.17
-3.0
3.17
6.644
-5.585
-5.7
-5.248
-1.0
-3.17
-7.285
-2.585
0.0
-1.585
4.392
-2.0
-5.555
6.459
0.0
-3.807
-1.585
0.0
-1.0
-5.358
-6.87
4.087
-4.087
-1.585
5.285
-2.807
-6.459
-3.0
2.0
0.0
-4.807
-3.0
-2.585
6.304
-1.585
4.392
0.0
-4.7
-3.7
-3.807
2.807
1.0
-3.585
-5.615
6.658
-4.322
2.807
-6.34
5.426
-3.585
-3.459
-1.585
0.0
-2.585
-2.0
2.585
-3.322
4.7
-3.7
2.807
-6.229
-5.807
-2.322
2.585
-4.087
-3.322
-5.524
4.807
-3.7
-1.0
-5.858
-3.17
6.209
-4.248
-2.322
-2.0
6.392
2.322
-1.0
4.907
2.322
-2.0
3.585
-2.0
-3.459
1.0
-6.19
-4.248
-1.0
2.0
-2.322
-1.585
0.0
-2.322
-6.966
-4.755
3.7
-4.17
1.585
1.585
-5.858
0.0
5.392
-3.807
6.34
-5.129
7.57
-2.322
-1.585
-2.322
-6.794
-4.0
7.14
-2.0
-4.807
8.087
-3.459
5.209
-4.858
-5.833
-5.492
-1.0
-3.7
1.585
3.807
7.077
6.658
-2.807
-1.585
-4.459
5.807
5.755
6.895
3.17
-6.322
-2.0
3.17
2.322
4.755
0.0
0.0
-3.907
5.524
1.0
-5.615
-5.248
6.322
-5.728
0.0
3.459
-2.322
-6.7
-5.524
1.585
7.5
2.585
-2.0
-3.459
-5.322
-5.17
-1.0
3.322
3.0
-5.755
4.524
-4.644
3.0
5.459
-3.585
3.807
6.443
4.7
-2.585
-4.459
-3.585
-2.0
4.459
-3.17
-5.585
-2.807
-4.807
2.0
1.585
7.788
6.741
4.858
6.34
4.755
-3.322
2.585
-1.585
6.7
-2.322
0.0
-5.087
3.459
3.17
-5.0
2.322
-2.322
7.687
-6.022
1.0
-4.524
5.931
-4.644
4.644
-5.807
5.129
2.807
-6.322
-3.7
-4.322
-0.0
-5.209
-6.833
-2.0
0.0
0.0
5.931
4.0
-5.833
7.349
3.0
1.585
2.807
7.129
-5.807
-6.0
